Angle	Counts	CountErr	DirectCounts	SolidAngle	VCharge	CMangle
64	7766.467987	139.356071	4362.000000	0.129153	1	70.145591
74	32931.416216	286.947371	15435.000000	0.352361	1	77.734820
84	32625.124496	286.263853	14297.000000	0.279133	1	85.778713
94	35571.668566	297.212466	15437.000000	0.286542	1	94.245620
104	34047.177143	290.314747	15370.000000	0.348219	1	111.524295
114	7292.689518	137.395628	3425.000000	0.145895	1	114.017380
134	17377.544469	208.431959	8353.000000	0.204707	1	141.041327
144	34627.666910	294.399481	14900.000000	0.379801	1	149.368259
154	43914.767339	332.861770	19073.000000	0.477956	1	159.426349
