2646.205325
2363.324260
3071.064056
1987.987622
2509.682265
3030.328513
1929.568041
2667.718834
2553.559759
3050.869123
1658.135434
2710.376988
1596.019245
2168.146517
3222.064603
2950.109127
2763.272441
2224.586451
2828.473832
2009.232207
2817.808071
2358.177239
2701.590353
2115.697704
2432.528798
2078.520346
2272.117355
3166.202511
2462.026555
3421.389417
2390.412120
2063.633819
2575.067014
3147.465851
3226.805637
2719.569666
2127.134842
1881.054047
3336.344077
2945.165685
3153.357126
1785.889745
2693.998016
3404.529734
3094.117732
1722.094850
2825.062998
2798.148010
3302.891900
1967.702861
3368.900494
3349.830059
3200.213861
1544.898606
2723.890657
2198.166860
2823.278965
2823.278965
3416.652747
2594.857888
2705.542436
2063.954171
3143.171815
1908.441564
1567.609323
2545.180120
3263.751591
1897.964583
2277.681335
3406.395293
3251.774229
2830.974946
3353.626448
2567.086248
2939.748268
3120.864488
3029.912478
3142.454533
2180.637794
3070.048206
2707.795805
1576.082000
2691.920232
2444.872139
2562.328670
2561.951802
3017.807179
3332.305541
2150.090836
2318.781027
1717.629817
2195.273086
1832.696536
3128.549180
2942.992103
2939.093882
2251.682833
3250.702685
2852.178972
2852.178972
2502.657013
3288.139723
3242.167273
3285.042457
2276.068816
3407.670529
2032.562361
2292.136167
2424.722166
1853.178218
2815.601507
3045.458691
1771.754061
2920.455772
3261.944717
3328.113882
2459.235910
1850.937944
1589.004065
3391.672787
2830.254875
2592.644516
3291.928836
1817.677711
3045.795063
2265.014701
3356.548433
1909.748831
3153.838250
2865.782868
2762.221756
2243.257672
1815.173984
1618.838107
3183.775796
2905.879653
3084.875371
3197.450716
2322.006146
2531.930264
2630.713341
1717.091733
1717.091733
1936.737469
2412.646090
2295.076607
2420.273915
2328.082343
3174.608198
2850.963012
