2672.290954
2264.363382
3121.867333
1830.933306
3029.917850
2829.957936
2218.893035
2474.088086
2555.702729
2980.087861
2237.931077
1889.754912
2841.631267
3329.754911
3307.571760
3224.459209
2110.304036
2040.175799
3038.587111
1766.898654
1695.398732
1706.954536
2403.287300
1906.221003
2821.414451
3253.077291
2412.472981
2570.175262
2543.429495
3349.764677
3407.684462
1639.129706
2851.406908
3192.187067
2460.505581
2523.392344
1731.237255
2036.092971
2975.886872
2660.381654
2780.808072
3226.019549
3207.975675
1668.638103
1939.635353
1647.587061
2291.623006
3405.921289
2482.028112
3165.461497
2413.044471
2693.647267
2275.540352
2695.297424
2143.301751
2007.998852
3304.320299
3243.984265
2343.316174
1600.171640
3077.558337
3052.570779
1989.413028
2446.662795
1605.047661
2671.274374
3154.749423
3215.796591
2632.998167
2034.923611
1546.383278
2360.071112
2675.864405
2624.750197
3439.409393
2020.086017
1589.315318
2784.012014
2212.408732
2972.832357
3248.203828
3389.015442
2391.748901
3407.480290
3174.748247
1592.337560
3261.091187
1872.613370
3361.516627
2683.890448
1722.606325
3347.159531
1722.184691
2319.574746
2499.599229
2422.184081
2159.300685
3042.434162
3117.514762
2411.418772
2390.611011
2646.314319
3399.530777
2812.663942
3381.733331
2150.092299
3246.514056
2563.829067
2007.030162
1797.795068
3209.915312
2987.465558
1717.583908
3332.841274
3444.361999
3132.331071
2899.539324
2601.149606
2209.580558
1740.013289
1748.583449
2117.245612
2722.947227
2795.795587
2495.354479
3422.436241
1889.482166
3279.143540
2060.259311
1990.276564
3405.327602
3405.327602
2723.286351
2858.927325
3436.859518
2310.950856
2831.680879
2766.791596
2819.583791
1605.488370
1787.532362
2613.665690
3409.601150
2759.772418
2536.011390
3094.141988
2306.514254
2116.193155
2675.576266
2701.729329
2533.259115
2455.933741
2380.260078
1911.867822
2309.922736
1974.112917
3359.785428
3155.757800
2538.984158
3286.716394
2526.939089
2832.515249
2632.564035
2333.040818
2950.293940
2260.022735
2743.349556
2693.891058
3320.574974
3404.510207
1672.199858
3187.277707
3134.421370
2516.259313
2194.587885
1723.123220
3041.363532
1826.922133
1625.357715
2200.883818
1599.830868
2332.111845
1605.251593
3324.989588
2466.286015
3054.674406
2581.911371
2900.670331
2910.546974
3327.050257
2784.626498
2386.336193
2306.363906
1630.065972
2232.242392
3384.603137
1835.532824
2794.733125
2528.970867
2472.292517
2484.936343
2427.171470
3359.863954
2197.564778
3245.916912
1596.181984
2860.559467
2356.098292
2998.491695
1518.496812
2987.203553
2735.935471
1996.909001
2758.844807
2336.051841
2254.547326
2154.021293
2188.279232
2739.934456
2044.309098
1999.938826
1868.048302
2049.674596
2843.987447
2219.982872
2724.722157
1750.185770
2150.410496
3289.402944
2337.612627
2797.810063
2394.442648
2498.052242
2498.052242
2615.680416
2781.506311
3315.737668
2180.275171
2891.753041
3284.633608
3219.567069
2029.449469
1948.803262
2360.910366
1540.709344
2383.547361
2917.716175
2110.411088
3396.687942
2688.175647
2981.088767
2118.469819
1992.892711
2222.717363
3328.207205
2652.722369
3313.964307
2629.195642
2300.252851
2168.687852
2603.050814
3365.396340
2654.973151
2809.835788
2953.282076
2676.046086
2058.795346
3412.492137
2873.446540
2460.482490
2965.114688
3223.342598
3199.013561
3288.547599
2338.898462
1878.949563
3232.393445
3017.702676
3429.125751
3401.024984
2370.722364
2309.046790
2369.575559
2539.875806
2506.875960
1895.570702
3374.077940
2244.674280
2468.662071
3156.084669
2798.164489
1784.939151
1756.399243
2312.903196
1765.923737
2964.034468
3253.379025
2111.484846
1626.860588
2376.101872
2307.970811
1863.490091
1738.848903
1613.552298
3224.704078
2190.700254
2907.682801
2811.953128
3112.012027
2995.570962
2867.630723
1723.840999
2531.349392
3217.114297
2310.039027
1894.293989
3076.916280
3103.010787
2738.345958
1943.418054
2901.325149
1940.205390
2282.901538
2625.022581
2710.072994
2118.725153
2635.557336
1694.993402
2154.844194
3191.741961
1995.951346
3399.950065
3183.840328
2701.650752
2113.835691
2973.327321
2247.935256
2399.287619
2332.642757
2983.019982
3422.959810
2989.320462
3068.697477
2878.410449
2120.785414
1746.576915
3079.232965
2762.277659
2992.630207
2474.949846
2785.196020
3304.411613
1611.809725
2535.133278
3256.732616
2009.237017
1524.323069
2234.519431
2683.076591
3356.422800
1573.796452
2139.968209
3075.667074
2066.221917
2647.150186
1676.744067
2448.819851
3115.015124
2975.508453
3350.833852
3006.565102
1668.103728
2392.765811
2309.344808
2961.565748
1903.437634
2897.237379
2526.664288
3429.936950
1588.896753
2561.253274
2111.102369
2140.115095
1533.328544
2518.903548
1978.081966
1606.444766
2008.801845
2335.698309
2795.810894
2340.794389
3120.586564
2579.163844
2074.903641
1661.453920
2469.851504
2825.985918
2825.985918
2863.089786
2760.310522
2667.999883
2937.042939
2271.712647
1884.446158
2124.816900
2810.225325
3149.997834
3135.998013
2560.550919
2778.194623
2420.307430
3067.277036
3181.504532
3165.605444
3367.447108
2161.377968
3224.772255
2121.674305
1648.612319
2313.316695
2908.748018
3302.506225
2336.290272
2635.633794
3086.389740
2472.276535
3257.099871
2538.934027
2718.710629
3381.239396
2369.249853
3022.135151
3068.495349
2255.727655
3176.836620
2695.022531
2263.060109
3396.469800
3274.528556
3274.528556
3290.067428
2785.530630
2985.767272
3208.880331
2190.796655
2462.423152
2102.001989
1761.381397
3283.765808
3302.684622
1829.686089
1878.505314
1816.204671
1978.298221
2727.810495
3264.152865
2886.918275
3443.226938
2015.919493
3020.221761
1734.048389
2250.929268
2633.563793
2060.981995
1983.064779
2184.005279
3386.684653
2788.516462
3443.259300
2648.668795
3338.729186
2400.535280
3004.318368
2927.030833
2830.831883
2723.317188
1679.694084
2184.955981
1631.102731
3280.679293
2041.481638
3093.665940
1653.731622
1643.963566
2016.213745
2054.862595
2276.101911
1638.463585
2591.515928
1701.207423
2463.242068
2647.231995
3386.821822
3075.186326
2099.865187
2681.974573
3153.357405
2803.363744
2753.375650
2444.952694
1530.877791
3404.573899
2676.103831
2146.269309
3231.106120
2371.725355
2138.957355
2447.315626
2333.132891
2667.645926
2668.106308
2250.472802
2735.398565
2961.832681
3313.081270
3019.567343
2429.818883
2086.920972
3413.814651
2982.102860
1872.779572
2567.916735
2780.235751
2247.821441
2141.543544
3383.603953
3347.957690
2884.731720
3372.690627
2347.920060
2224.433533
1828.427152
2308.029207
2260.359410
3403.027730
3265.550685
1577.068714
2002.925838
1944.828457
2363.372951
2320.855281
