2040.818109
2866.654090
1930.499000
3287.310984
3461.722140
3389.032921
2233.641309
3095.845325
2435.661424
3468.730989
2421.492962
1860.938367
2156.272847
2629.103392
3519.116041
3166.465382
2455.088753
2581.204526
3135.594251
2538.882348
2905.518850
2573.350208
2979.413390
2337.005964
1770.260705
3502.741083
3216.509973
3137.082905
1992.883243
3270.729384
3450.723530
2521.041609
2502.435103
2333.742918
1921.231624
3275.724523
3346.146158
3347.851111
3543.749553
1821.792455
3448.754373
2486.815694
2572.521053
3275.876182
1855.618235
2734.067545
3094.432492
1725.374085
2221.163709
2803.266976
2179.585219
3253.838055
3400.802522
2762.136795
3011.327340
2168.679180
2281.676869
2036.259911
2065.178433
3014.574969
2377.309155
3430.682991
1957.236236
3390.594583
3331.307771
2635.113625
2274.254893
2690.232356
2941.703159
2832.481528
3360.441106
2247.916270
2216.315888
2606.963999
3142.053377
1806.582030
3505.310701
2383.414710
1947.037742
2434.941105
3331.615860
