3465.128400
2099.005423
2713.466191
1872.565938
2631.024856
2960.022051
3229.119356
3205.383591
3386.939208
2957.785934
2663.047097
3509.820073
2664.908213
3089.037959
3338.562917
3501.883611
1914.120001
3323.812893
2086.985176
3120.645085
2674.916061
2082.500651
2713.784683
1785.780363
3234.490569
2007.032348
3178.135563
1767.168567
1949.495639
3060.189205
2643.599114
2106.028731
1935.352221
3051.067472
3103.988510
2454.336601
2110.144548
1756.420665
3344.368149
2183.555771
2214.662258
3151.763268
3280.365819
3418.637973
2397.442699
3024.574886
3384.465263
3368.492318
1872.954922
3381.373205
3030.533480
3005.872546
1848.117989
3161.112600
2286.257986
3029.051618
3397.344381
3047.610366
2149.415540
