3021.683010
2439.117211
1455.950742
2128.754399
2133.808246
2211.641942
2265.058828
2303.497350
2451.305838
2173.890405
3261.472080
1540.051272
2181.059696
3338.404876
2371.436554
2508.249177
1582.681456
2242.765054
2074.783409
2945.166864
3263.635233
1936.996614
3037.460198
2154.386446
1786.910248
3352.819572
3252.720985
3050.945638
2861.328103
1879.215748
2098.400849
3245.273792
2865.907012
3303.606044
2671.259488
3245.337927
1876.581890
3264.225130
2550.891539
1615.566268
3269.711548
2093.307004
2723.210936
2016.309654
2201.567355
2187.023387
1717.475315
2385.739292
1842.896766
1475.244681
2119.443479
1741.381056
2808.268719
1911.321742
2075.549775
3110.692371
3145.759833
1507.127440
1433.756716
3022.546635
2613.775400
2260.191324
1697.792186
2630.183720
3295.859902
2020.489486
2643.075433
2181.610081
3004.661738
1490.961999
2596.300695
1897.436079
2998.228149
2690.397686
2290.263503
2728.559776
3344.634185
3063.419020
2719.779532
2337.944546
1833.397806
2781.986049
2680.428676
3206.641658
1954.772175
3188.856014
2803.064188
2864.042973
3112.461691
2433.506347
1810.824488
3168.659042
2488.022690
2043.289593
2786.627515
2009.391031
1879.198550
2017.255138
3112.081562
1699.647570
2950.576203
3239.661463
2477.590934
2184.536292
2268.932640
1732.768489
2419.565331
2247.486522
2061.662581
2915.228407
1485.046699
1853.932225
3332.475043
2144.018030
2665.034703
2955.081641
1460.853395
2488.593026
3166.490475
2509.174700
2591.226125
2932.961383
1594.776723
1728.368470
2971.790035
2058.134449
2679.285045
2442.458521
3008.193085
1942.393007
2206.875917
1461.803165
2102.901948
2773.543472
2310.524469
3268.719418
1561.786945
2706.852462
3015.652619
2460.956433
2231.144101
2968.440207
1818.229856
1857.583307
2363.400336
2164.181650
3220.805636
2749.311381
2360.608826
1463.481088
2537.723370
3328.813960
2742.457891
1685.565433
1996.587565
2312.765850
3016.239160
2978.193602
2468.289818
1520.944443
2440.554332
3024.131507
1975.059828
2669.905393
3096.033153
1476.652653
2958.193281
2510.578430
2480.253065
2506.353417
3027.781785
1749.299175
2687.389055
2453.583259
2191.398699
3104.162647
1933.394979
1690.442046
1988.854107
3077.939438
1585.362555
1600.437271
2614.022409
2919.308950
3055.339941
2184.371479
3278.574459
2971.178522
3280.578748
3326.224232
2109.437391
2450.047839
2579.674427
3194.685773
1611.510901
2614.710578
2604.168784
2604.168784
1813.302071
1638.394889
2150.802449
1910.693553
2187.699533
3027.015363
1698.633156
1473.459258
1710.438194
2447.900806
2124.238892
2898.562440
2902.020064
2349.409759
2228.717112
1526.591517
2598.602567
2399.121042
2147.880945
3054.464712
2949.043419
1442.792336
2374.985810
1607.322881
2426.196120
3177.500347
2521.951234
1600.525280
2318.183484
1843.696926
2284.499415
2916.832993
2526.996896
3299.352596
3157.595405
3264.798954
1844.987657
2436.715081
3232.189909
3276.127945
2804.014582
2551.162090
3173.759126
2630.712929
1639.047026
2485.134916
3251.107237
3044.996682
2187.129394
1938.015368
1709.258197
1463.095393
1432.478864
2949.241157
1750.428881
2243.448494
3079.539165
3116.702363
2083.150004
2015.959047
2664.625358
2008.537924
1876.662664
1634.976391
2980.930652
1936.295623
2641.189538
2700.753496
2566.801080
2600.348205
2238.828993
3043.449601
2262.976265
2645.799248
2547.805740
2259.402761
3133.131397
3236.332130
2711.241274
2669.937253
1912.192701
1766.949895
2890.074413
2202.637314
2809.072170
2191.814358
1867.437590
2572.224836
2264.779124
3255.171260
1759.326857
2178.293156
3207.704162
1759.785430
3330.235548
1584.524651
1445.589887
2113.638583
1895.929548
3100.306175
2900.598738
2077.154613
2384.438005
1666.147191
2460.139471
3181.888490
3304.152856
3301.211347
2715.006706
2986.945480
2532.708202
2618.699120
2200.665563
3289.203190
3232.233802
2663.261850
1662.388524
1655.026025
1864.809495
3160.111686
2058.068862
2675.100011
1637.658574
1608.833520
2727.967222
3087.659397
1916.518697
2539.019894
2601.136209
3318.638287
3057.270953
1687.873118
2441.973141
2815.233179
2961.636608
2211.290733
1814.437300
3219.787642
3107.148411
2501.321341
1788.980560
3048.744490
1668.577829
3234.374857
2596.720055
3034.274164
2976.180379
3271.830786
1450.057989
3292.459190
2532.041252
2878.266940
3046.030960
2680.924564
2168.612713
3076.494856
2692.531126
2360.241456
1450.416753
3049.846063
1587.748347
3152.678519
2621.377615
2621.377615
1550.094887
3083.322495
2096.946797
2572.105146
3051.197488
2704.161333
1844.613663
1964.284380
3172.397842
2273.008023
1636.284344
2913.609625
3351.534533
2384.360632
2714.624308
1554.277900
2459.460759
1829.397535
3272.577084
1470.756532
3133.016935
2501.368085
1838.989455
1858.881466
1842.377258
3153.660571
3159.312231
2466.431683
2070.978632
1823.835845
2853.312092
2473.669612
3098.861942
1986.661203
2477.787981
3346.642769
2933.137761
1483.896496
2535.607491
1519.469968
2817.236031
2162.125913
2250.393703
2194.131019
2582.305867
2322.221609
2368.977874
1580.252466
3192.372846
3270.455171
3032.709973
3322.062348
2448.932832
2911.844574
3081.803482
2733.823556
2370.841172
2066.789589
2804.871855
1691.923533
3180.884184
1640.136323
3085.513697
2054.705672
3233.045019
1793.461608
3324.643603
2268.761896
2918.544680
2493.896614
2268.200220
1963.033529
2707.682727
2653.733895
2113.993439
2923.586429
2626.623111
2405.313671
2803.697488
1915.949113
1873.859886
3114.925409
1531.122146
2039.783899
3070.568400
2025.296825
2792.712655
1893.586672
2984.535698
3233.734412
3241.503371
1880.137337
1986.652847
2019.999776
2361.338957
2381.036454
3087.982542
2197.073829
1572.564155
2631.665597
2248.137910
2648.656919
1437.937566
3120.046202
2571.135311
2301.893969
1441.284353
1664.043395
1827.469667
1685.044907
2475.660283
1790.711592
1843.225300
1832.787818
3053.403818
2412.139681
1930.976824
2844.179478
3164.863485
1466.229899
2897.187422
1863.083088
1499.875909
2600.947250
2600.947250
2930.711428
2797.883043
2531.732814
2358.998397
2557.319108
2422.179897
3138.287827
2723.629525
3230.453080
1823.970516
3226.670782
2930.491111
2816.649772
3139.210962
2879.372659
2100.356116
3271.128220
2483.784447
1779.832636
2572.207767
1556.877434
2400.025410
2697.251727
3164.310715
3177.033582
3260.349223
2216.669929
2732.566244
2122.740375
3130.729993
3075.871830
1956.529683
2757.348085
1542.176250
1700.482943
2630.570199
1682.266716
2818.794882
2843.871058
2574.315846
2388.561989
2039.937833
3268.840108
1891.140259
1801.648300
2217.967898
1481.760464
2439.769398
1603.291363
1588.058642
3298.157942
1609.491706
2533.460819
1441.616070
2268.270125
3075.309782
2970.847381
3231.495282
2414.362808
2174.143112
1967.262620
1566.396814
2754.912462
2693.322639
2081.729766
2020.683657
1894.818306
2777.889384
1758.326867
2451.653463
2589.158246
2520.188762
1685.098965
3145.701760
2201.025326
1881.416043
2180.034914
2548.772876
2044.090090
2548.794765
1429.220294
2328.376271
2951.164366
2384.808894
3260.711658
2158.826137
1891.692131
2471.600022
1841.678523
2115.228063
1957.363970
1739.099817
3348.290761
2982.365016
1949.091752
1956.491693
2066.005180
3332.000163
3086.934267
2220.392739
2426.031154
2415.679128
2029.870936
2981.775012
2021.148949
1763.441741
2357.312201
2506.593055
3249.683096
3289.667082
2200.620371
3226.506816
2108.475722
1944.938584
1916.274106
3037.161442
2917.998305
3103.087120
2665.277436
3226.948925
1832.078651
1713.057137
2222.643433
3016.527809
3033.421116
3271.063386
2176.960472
1492.644484
1720.592461
2976.047747
2812.018517
1510.894416
2253.253326
2105.273411
1585.363480
2559.633677
3233.203255
1808.379505
2881.937835
2796.742117
2584.686984
1587.364736
3201.571184
2496.357920
1945.354740
2658.062973
2609.661880
3064.119383
2886.838297
2269.783323
3344.905320
1507.146578
3333.863427
1472.012123
3090.854362
1614.105812
2378.925103
3347.976641
3051.500419
3227.968656
1538.470418
3029.871282
2282.471929
3087.704380
3083.312764
1718.192541
1555.965985
3197.838161
2748.145692
3033.352208
2043.527086
2776.808504
3209.652388
2131.025488
1504.030944
1585.417723
1520.761789
2554.290924
1763.075053
2213.565325
1892.646479
1538.084579
3273.486198
1622.771376
2043.695561
1846.964036
2254.262640
2001.073701
3197.950871
1990.785456
3136.047779
2952.899044
2326.790357
2820.818912
1567.703806
3051.291899
3347.396568
1959.498224
1950.512010
2658.737449
3254.888645
1870.894270
1939.205136
2368.404970
3144.437682
3062.542583
2494.987098
3053.007404
2451.695236
3148.276467
3148.276467
2737.237370
2737.237370
3088.318274
2032.354888
2393.255511
3039.480808
2311.231633
3091.004733
2131.358900
1850.443816
2400.607199
3288.624241
2877.277000
2945.745350
2799.275685
1444.881942
3115.741870
1805.948200
2145.904907
2754.681574
2770.814152
2215.929071
2095.302853
2818.593505
2662.222152
3215.319444
3241.751900
2842.544344
2181.531402
1752.753373
2997.470200
1925.246967
1475.556755
2232.164743
2226.480566
1571.183842
2130.806958
1791.889688
2690.008476
1453.011602
3348.923222
1545.117215
1787.189260
2771.356529
2407.787174
2766.187318
2830.232727
1980.610928
1774.889106
2133.047096
3320.831866
2930.555832
1904.113794
3272.119601
2881.018603
2800.271592
2643.161726
1731.695509
2762.612473
2700.924885
2700.924885
3250.868102
2752.046997
1648.904533
2400.347446
2907.808800
1443.151189
1443.151189
2612.516988
2063.171648
2519.036276
2880.812072
1450.355700
2119.153777
2542.002021
1898.465360
2794.797675
2547.755155
2768.846330
1706.406220
1843.226905
1999.421569
2741.244446
1820.628682
2696.667610
2453.423442
2791.873024
1750.196508
3331.523353
2185.604157
1975.727286
2931.916189
3053.686769
3195.717115
2037.901428
2276.556204
2511.499437
1575.999284
3205.544587
2327.910096
1793.598471
1590.633771
1681.024867
2158.791534
2095.762681
1547.695357
2740.003135
2422.563687
1924.638912
1731.460363
2096.483047
3257.669797
1872.185143
2416.582340
3271.439084
2854.120813
2758.733515
1921.308966
1548.038675
3108.879408
3192.937214
2726.859515
3344.701604
2708.559699
1616.013034
3107.573199
3228.119686
3350.476394
1917.688920
3108.544912
1947.673524
1473.933311
1829.486960
3286.608701
2309.465419
2007.743034
1456.748028
1722.090380
2085.185775
3184.055265
1593.507944
3239.861682
3239.861682
2896.867949
1725.606225
1528.838878
1500.811874
2831.820079
2294.571234
2405.087727
1523.469031
3340.038518
3040.440424
3040.440424
1477.513023
2012.709080
2657.788338
2657.788338
2955.771078
2296.180094
2754.562405
2719.633713
3344.169138
2237.290363
2099.525983
3178.362620
2900.864321
3120.932470
2802.996222
2917.030965
3315.304679
3302.246208
1694.955759
3172.240604
2764.085109
2962.472419
3130.349965
2686.930024
2708.688311
2345.043406
2512.004941
2805.842723
3105.159696
3258.953696
1694.187949
1680.942154
3297.519614
1458.680059
3228.454954
1945.409378
1888.758675
2601.325577
2945.125630
2848.434934
2269.953288
1576.411544
2254.701466
2907.465447
2563.876252
2806.317767
1536.014912
1510.394151
2337.641813
1491.637285
1525.175397
2787.251700
2259.741343
2541.539630
3197.949068
1703.509783
2579.199977
2919.358252
2919.358252
1884.019270
1528.938086
2392.809566
1826.120672
1606.214219
1954.616356
2045.611006
3033.107859
2879.245572
1531.950692
3337.293071
2217.244213
3348.559921
3282.615495
1538.316001
1699.951886
2176.616627
2899.606454
2548.069685
2062.680272
1647.567787
2111.370365
1991.027948
2854.557463
2092.118777
3016.669980
3051.772633
2667.886969
1907.380462
2093.221378
2560.970979
2851.556031
2776.083653
1727.229513
1886.156180
1961.754053
2504.503100
1722.053554
2424.303691
3262.047054
3009.145974
3157.480116
1711.649168
3285.504375
2302.995893
1952.147450
1805.724360
1997.462002
2918.318761
1512.142794
3073.755052
2020.045667
2475.597412
2894.713418
2011.571239
3077.317595
3247.005788
2707.786286
2946.523564
3242.811790
2535.729538
2920.195451
3304.401892
2273.402377
2512.497626
2099.511009
3041.690652
2748.098274
3274.803367
3059.307759
1535.380077
3146.494738
3245.411226
3058.273218
3160.523282
1625.340855
1444.987373
1746.093754
2619.443821
3002.533828
2774.531893
1826.400111
3198.217808
1973.714419
2195.114709
1847.331043
2027.610265
1980.391437
2692.763320
2766.250926
2399.725817
1441.666468
2994.132054
1966.246013
1912.829280
3066.865179
2523.171580
1756.664315
3198.396283
3284.767757
2461.208900
2398.684319
2842.119902
1831.757504
2322.416658
1855.014724
2314.575752
1816.305549
3351.383700
2384.913507
2522.791257
2174.735100
3073.177340
1703.961024
2139.069567
3062.380255
1944.015218
1871.917009
2001.298008
2323.225139
2323.225139
3118.969466
1971.318896
3157.617811
1564.003635
2875.752331
3114.566756
2096.981117
1662.949928
2053.854892
2838.598067
3149.518304
1713.171321
1490.244397
2964.925366
3289.192624
2843.713360
2732.291110
1791.117113
1941.901688
2321.623523
2450.747280
1602.077680
3277.253090
1736.870067
2089.452071
1854.940519
2503.488079
2440.680866
1448.912469
2757.619566
2522.626048
2716.417925
1837.687013
1998.943405
2886.768714
1711.970849
1473.280971
3315.474432
2065.018227
2844.899855
2677.709179
2605.306853
2990.737306
2300.019240
1666.483789
2248.629750
1876.708267
2899.472354
2700.797705
2487.023260
2388.238028
2425.218811
2922.580175
2024.747146
3174.232278
3155.007090
3318.116674
3343.294571
2574.819022
3245.148847
1461.106972
1545.872265
2695.130414
2047.448098
1745.959775
1848.580640
1452.775194
2836.020843
2578.036754
3069.622221
2655.314938
2952.376097
2098.866644
1483.201157
2784.811476
2152.383937
2271.718731
2365.675425
1587.745450
1693.831090
1767.568352
1728.220161
2749.543265
1526.732880
3001.921672
3305.837131
3305.837131
1919.814533
2604.132077
2822.847095
1642.452913
3097.535194
2951.235769
1438.558929
3242.615191
2546.001363
3207.552689
1733.402596
2127.128600
3084.932307
2200.168942
2637.716754
2673.486570
1572.902097
2408.643416
1446.605205
1446.605205
3127.026852
2938.324671
3137.245539
1813.654779
2804.636744
2951.279398
2498.720090
2768.023674
2836.352513
2847.215453
2888.391941
1628.015677
2023.374332
1646.690096
2014.563954
2519.238862
2173.705786
3102.512600
2999.098586
2604.951670
2444.537579
2624.219831
2622.996797
1773.794075
1773.794075
2949.323034
3097.894413
1605.010650
1819.148465
3290.414236
1536.827115
1570.497314
1627.495713
1976.984819
2471.009695
1863.542667
1661.630218
1433.987768
1655.206015
3265.156016
1861.453650
2745.756215
1997.337574
1501.971640
3279.167374
1766.175682
3265.192687
2222.229173
1933.028894
2651.615974
2305.684239
1495.385152
1915.918452
3346.535966
2023.002683
1518.865479
2179.161862
2745.968550
2880.905907
3000.671238
1903.702975
2135.254841
2576.277399
2523.372709
1736.053185
2286.663796
2800.883422
2951.514326
1831.539587
1936.660014
2931.249910
3209.604866
2233.421154
1871.121435
1709.475574
2236.152907
2077.816219
1488.749636
2359.614378
3029.635261
2405.010545
2126.574603
2876.685202
2256.289635
2899.769339
2501.690855
3066.559806
2218.613567
2712.338401
1615.800275
2470.768010
1564.360767
2613.709290
1853.842944
1890.357001
1660.039097
2090.224979
3311.554519
2468.990313
2273.009465
3041.294763
2232.600722
3170.390176
2181.056720
1783.194945
1610.594429
2306.802225
2386.637429
1727.943407
2652.253237
2819.790487
2720.891478
3180.763949
1836.167117
2678.747084
2011.740904
2865.569761
2920.833424
2169.718876
2308.039907
1918.024178
3079.157448
2747.604840
1714.883340
2868.306740
2205.336992
1702.776910
2134.658670
3354.139272
2553.614120
2397.195954
1675.104838
2123.891816
3039.948980
1900.229913
1617.220425
2106.935479
2967.981184
2165.797281
2338.393715
2739.546451
1931.825353
2951.053742
2928.723141
1921.528703
2117.718888
2058.170492
2611.040600
2377.830848
3321.478333
2912.608134
2241.037651
2468.691643
2691.310591
3195.488618
2853.607312
3306.873629
2365.159922
1482.241930
2308.817586
2075.167001
2838.639331
2327.530982
2743.919450
2237.854607
2159.750697
1561.879364
2328.122552
2681.213068
1954.295554
2610.934813
2647.013658
2885.630117
1932.615431
3053.967842
1815.755379
3074.384564
3230.759871
1883.523022
2127.498428
1742.295520
2620.103973
2177.684699
2616.942294
3216.445891
3281.184227
2402.650094
1791.271635
1433.414506
2210.171426
2210.171426
1897.303846
1802.148850
3012.179100
2452.079915
2740.242792
1876.608545
2979.710931
1886.367177
3027.599559
2563.254872
1595.664412
2605.382239
2605.382239
2593.055701
1486.182891
2477.580516
3090.920323
2262.914131
3323.585649
1904.312954
2813.812962
3138.677309
2222.088543
3307.306929
1566.906697
1730.558818
