2295.070854
3168.023739
2921.883767
2629.617112
3445.287045
2697.275955
2764.791118
2966.628538
3435.848554
2257.872972
3002.299163
1579.214280
2771.807370
2224.199751
3101.829947
3037.265537
2589.033307
2641.595740
1788.113310
3299.921977
1788.120073
2682.839384
3232.236692
2004.724670
2127.612061
3120.878944
2054.421269
2522.084093
3018.962275
1930.878735
2332.986760
2675.195628
1865.006605
1780.808958
2112.424289
3424.607924
2906.701267
2998.324499
3275.294784
2324.247629
3182.990594
2890.091539
1773.541971
3177.318364
2468.518318
3429.104564
3382.386795
3068.551822
2162.497095
3135.901311
3135.901311
3325.722656
3150.748295
1720.762174
2555.584997
2804.000827
3401.037623
2609.678082
2821.942136
2731.251893
3372.816266
2880.014257
2873.310310
2820.389873
2664.921981
3130.182698
1892.765308
2891.581143
2394.875190
3177.378915
1933.385943
3108.336685
3283.790434
3055.806025
3087.118363
3026.606872
3309.114796
3250.874339
2284.134854
1937.022224
3282.361381
3224.351387
2072.295194
1898.718808
3408.067150
