2162.688570
1782.599970
2512.211754
2751.132982
3553.447760
3352.421734
3337.970165
2812.528899
3493.924778
2283.696375
3116.670416
2382.549514
2452.035495
1745.348187
3518.594435
2176.700773
3146.038764
3189.558064
2691.091080
2466.110621
2479.050277
2198.420820
3257.016846
3541.560629
2881.581129
2292.919295
1833.078058
1878.086457
2533.824239
3282.065020
3270.033546
3468.997459
2067.726445
3360.592190
3418.913496
2313.200263
2595.934889
2937.137696
2193.820151
3092.744669
2148.221199
2489.015651
3174.397665
2073.307070
2240.412631
3474.560299
3129.455419
