3075.178355
2987.828575
3469.190577
3374.526292
3222.683872
2064.782747
2265.560258
3014.231993
2155.493884
2135.495497
2255.701955
1832.877569
2091.859633
1632.865194
2589.541940
2720.838598
2919.837926
2271.612071
2458.554409
3169.493673
3170.566910
2818.341745
3291.906592
2997.463549
3376.355765
1714.087431
3222.898109
2592.505204
3187.712415
1695.159666
1582.623042
2430.209857
2744.835451
2107.807557
1799.015232
3436.980220
3212.093928
3108.920741
1630.350163
2679.203723
2927.920252
3184.182926
3333.540821
2995.027468
1797.750546
3441.880523
2472.824101
2965.987748
3482.759003
1781.628034
3418.843827
3065.788087
2069.515058
2589.134402
2938.746869
3353.843580
2204.567644
1607.461387
2840.098355
2459.513283
2347.015739
2368.579266
2040.550422
3143.562860
2223.378688
3439.591104
3439.591104
3017.205219
3171.323040
2631.803262
2911.004118
2076.878109
3249.254019
2449.418346
3240.167539
3209.291144
3453.794871
1959.271562
3073.585228
3416.971360
3258.742798
2420.858711
3273.885896
3184.899760
1803.557582
1841.295090
2085.654716
3336.694741
2496.368165
3476.761487
2363.590111
2023.085113
2046.901700
3436.893950
2981.595923
2861.389346
3456.742161
3094.489784
3080.442406
1653.338154
2090.283718
2207.308843
2048.571638
3098.682969
2175.718945
1889.902693
2903.479959
3117.075886
1615.578610
2311.417237
2682.733059
3171.970619
2757.081091
3456.714901
3211.415806
3154.973564
2060.455459
3137.369364
2989.055206
2807.663573
3281.821529
2215.488727
2189.197600
2750.006372
3257.717996
3296.208661
1627.159723
3414.511670
3394.605591
2647.145834
3191.139577
1674.310328
3362.299210
3081.309441
3236.103609
3244.263774
3496.183566
3307.732817
2505.684294
3177.160768
2394.618169
2390.786869
2639.078133
3057.925864
2365.371480
2808.250991
2590.540424
2767.331257
3460.358868
3315.157278
2951.386295
1856.741804
1929.582462
2964.889273
2179.368720
2996.635197
3077.393800
