618.533
4038.96
406.733
880.41
1178.82
2419.74
435.105
4119.52
4299.46
3429.53
4217.28
3835.2
3039.21
2447.08
4343.26
4222.59
4155.03
3806.77
4316.37
4316.37
890.272
964.752
789.234
1021.44
765.937
708.679
791.613
233.126
694.064
4019.13
806.859
1451.72
994.532
728.925
820.641
1960.7
4189.09
2155.1
794.398
660.492
4332.16
364.666
2133.38
769.274
3713.27
798.64
809.6
863.656
2206.85
4365.69
4240.45
2280.78
4304.52
665.217
2311.33
167.053
2826.98
4322.38
753.878
477.344
774.77
3697.87
4362.07
3058.79
898.339
961.171
524.296
4362.34
1567.15
400.277
4249.21
4240.82
4189.63
841.256
2462.33
736.95
927.215
3951.74
4193.29
2170.88
3825.44
3261.89
2187.84
716.714
706.038
1193.56
763.204
3836.41
2368.76
2368.76
821.799
4308.59
769.963
749.894
753.185
3499.81
2509.44
3113.59
930.323
591.413
3881.54
4356.63
2306.96
2217.67
3896.03
771.832
757.581
2070.08
762.942
1355.28
2948.82
787.264
3710.74
3980.41
4338.47
774.941
879.341
3255.83
4318.46
4343.88
605.791
777.684
618.938
448.18
3613.3
708.057
1932.42
4279.41
3036.46
846.98
971.736
4205.74
4330.08
3576.2
745.908
654.202
1185.17
2148.48
3883.28
4257.24
223.802
909.619
1803.07
769.209
4210.94
4332.17
2520.72
3624.27
588.407
848.905
4172.69
389.17
4294.74
741.107
3355.92
3240.14
3555.89
216.863
4288.11
3402.19
513.924
3951.48
3051.32
2872.39
698.14
2693.38
4335.17
4363.31
735.514
1308.66
743.596
3596.47
3140.88
4317.58
955.162
1047.64
3762
3953.4
3634.15
4340.42
4305.04
3824.56
1898.07
796.084
2091.3
735.738
3230.77
2856.53
3882.2
3625.25
4319.38
879.198
894.694
3297.09
4368.97
4293.91
4036.69
2693.13
3240.83
3240.83
3515.33
805.274
941.882
2945.27
3720.55
288.618
284.88
4067.29
1873.63
3257.36
4042.54
1761.63
858.405
776.916
2084.01
4095.26
671.838
554.211
4237.21
771.936
2592.64
4318.41
2523.61
4332.39
1629.5
881.97
975.663
812.645
615.524
3265.03
3616.41
2099.21
4378.36
3421.9
944.768
846.181
2748.29
4008.7
568.758
1993.96
2187.46
4362.3
2188.58
780.404
1725.52
3891.5
762.644
4362.75
4350.48
4317.77
4219.47
932.213
203.547
4264.51
3904.99
2380.82
859.351
746.448
4363.12
4338.92
4341.2
1838.83
754.512
4340.17
4357.23
1475.23
2116.34
4326.3
2084.6
4346.12
3433.28
1724.97
2816.16
3445.68
4278.6
1912.02
2057.19
2198.44
4244.16
3119.97
4352.37
3154.87
4048.95
1009.49
4342.6
4243.92
451.187
4354.52
1514.4
3784.11
3845.14
744.079
4174.19
1418.55
3028.7
4126.51
2619.35
4342.13
2247.7
4024.36
1714.78
3504.18
821.325
2610.05
4014.91
4294.23
4368.13
4331.02
838.064
484.801
2265.1
3309.48
3840.4
4342.11
2016.97
3763.41
2640.93
4245.83
416.647
1240.79
4356.04
1416.22
3378.19
3887.42
973.656
4274.72
660.3
4111
3944.96
802.268
858.631
2342.42
4144.31
4350.81
785.981
3628.45
840.129
2177.45
3880.18
3872.9
4350.09
1079.92
2987.51
4339.49
4272.56
3988.83
3540.22
3402.35
833.172
2600.9
1899.47
2995.41
3627.16
2712.56
4320
772.975
2286.69
775.858
2745.44
4353.48
3319.15
3981.25
4380.71
3052.41
3052.41
819.47
3844.26
4095.76
659.407
4297.48
3411.56
959.614
806.218
764.388
4283.3
2424.35
2694.13
4188.53
4309.3
938.339
3624.23
809.197
717.04
4208.58
4346.29
4111.28
4029.81
2340.7
4317.87
844.122
910.658
4223.71
4223.71
4066.89
434.985
520.483
207.049
854.809
208.276
4234.55
3426.96
4336.34
3111.51
1840.59
4357.55
772.876
971.988
4005.32
4382.67
4343.17
4033.92
4169.46
4316.27
3694.96
3752.54
2679.86
2679.86
3501.41
4333.21
3206.9
1965.45
3807.07
699.691
3195.07
3716.77
4121.34
4345.04
978.962
4378.81
4319.43
4055.55
3728.84
560.673
3368.81
2780.73
4329.81
4197.98
751.764
2872.74
797.857
759.275
3087.52
749.708
4268.43
707.222
4354.92
786.423
2361.4
4360.83
1005.12
4194.83
1397.66
1321.04
2448.26
838.365
4343.92
3581
4337.74
995.298
3891.73
789.755
4108.25
712.243
4305.88
608.464
235.495
715.219
4171.74
762.809
461.895
4294.82
2776.17
787.88
1360.66
3546.28
3196.49
578.484
785.31
785.502
848.109
637.313
746.626
547.66
3332.53
4289.23
1814.92
1332.35
694.663
4348.96
3856.54
531.423
2266.51
775.23
4273.42
783.547
3177.31
3177.31
3698.85
4328.36
741.178
811.485
778.041
2494.24
4230.56
3995.29
4236.57
4206.45
2038.01
815.118
4344.85
4265.11
969.676
4327.21
803.994
806.473
3511.57
4326.84
752.399
4312.92
3842.76
2764.13
749.563
782.405
490.388
2015.95
1871.36
4061.11
341.416
608.577
4251.35
2019.41
4144.07
867.07
4316.13
3117.13
3944.14
661.868
4280.76
4294.08
3577.07
311.89
926.215
720.459
4185.38
749.715
737.219
833.161
4356.35
1704.37
4161.53
3105.76
4088.91
4297.81
3385.49
787.395
4365.77
852.5
3999.1
2946.03
542.33
793.288
756.614
750.748
2189.78
4266.47
3785.09
4356.19
3994.22
716.91
2008.68
3231.85
3881.95
2461.62
3698.88
959.555
3842.01
2176.25
2273.6
1727.42
2424.17
3866.49
857.274
4221.41
789.413
4442.31
4301.96
4290.02
3672.34
356.917
4329.33
943.987
662.025
4128.78
3262.48
4022.92
718.8
879.975
2491.1
4295.74
878.182
4338.59
4267.06
1177.45
4181.49
3843.99
1017.09
4308.55
3621.55
842.25
428.224
4206.7
4347.26
3638.39
3974.03
860.221
2561.26
2248.51
4335.23
959.44
2070.88
2918.97
2918.97
728.222
600.778
4317.6
801.272
3428.32
624.178
2293.78
4348.31
3972.45
4362.7
4146.87
3938.28
833.299
1500.2
1875.18
4364.38
863.848
820.364
613.774
487.424
775.565
4323.64
4142.3
810.351
486.999
3335.41
2151.78
4295.94
826.613
4190.14
259.158
2675.85
2954.52
1692.97
2285.24
758.982
631.658
678.252
1476.41
4261.22
3820.87
1608.33
884.092
1002.83
648.13
4304.63
799.398
2483.43
4343.56
4367.21
3174.22
741.808
1065.39
2520.22
178.926
4348.88
4086.52
4147.6
2578.05
2919.52
836.281
769.655
4015.87
4357.07
1006.61
1603.77
433.216
979.024
4372.7
4061.66
704.928
189.744
4311.04
4338.72
356.419
1981.61
1136.49
4367.87
455.925
1717.49
1717.49
2974.28
627.943
4125.89
744.502
773.542
2302.93
738.187
3259.62
3432.94
2061.3
4352.38
581.715
772.546
1025.51
2670.3
4090.24
777.686
1225.49
893.792
2429.04
770.471
3433.76
4313.27
4015.68
962.432
287.325
4327.63
750.164
4297.7
3784.01
3798.24
4058.94
4360.62
4032.13
4181.15
4349.07
2651.57
4312.16
3000.9
1943.91
4154.45
4520.03
2206.2
733.222
1462
796.599
616.219
2111.67
863.171
810.95
2766.75
626.152
793.987
770.853
3174.35
1211.99
4218.19
522.13
4253.63
2320.45
3247.29
1560.03
750.55
683.982
4355.73
3892.92
3892.92
4146.19
4185.75
4189.76
4369.31
921.934
861.792
4037.86
2691.28
4346.77
2993.75
2457.31
806.537
1004.44
835.415
2248.34
2248.34
4196.33
4348.74
786.301
4348.17
1962.85
522.177
3539.69
2623.42
4136.87
4349.62
961.472
777.207
2960.85
4019.1
741.273
4174.97
609.299
4278.22
1807.31
4349.77
3850.8
994.003
3819.06
989.663
972.66
4236.98
4364.88
4199.65
846.674
4317.5
4037.41
1859.09
1688.65
4333.95
2762.37
603.39
749.066
439.605
2371.68
754.032
1323.48
2164.97
629.12
4335.82
4242.51
835.875
4301.9
778.32
3197.84
841.484
4190.17
836.964
4234.55
4310.39
835.95
801.849
2747.17
271.723
4312.03
2364.28
776.416
4324.15
1447.27
452.073
725.675
4332.35
4091.66
4326.98
830.504
958.116
4302.32
982.445
1302.42
2547.75
767.423
4063.93
4367.39
845.462
812.449
835.865
800.457
4248.41
330.428
4281.26
725.705
3750.41
4159.04
676.324
4073.41
4320.34
616.403
564.969
4307.65
3678.93
1400.16
913.322
4288.26
3340.59
2969.77
4309.97
762.567
3611.39
705.156
4312.53
3985.02
747.944
746.45
956.366
787.648
824.1
738.377
2713.97
518.843
4154.36
3871.83
3983.33
868.15
3425.84
4385.03
1692.02
3397.32
4359.29
258.094
631.084
1999.45
241.185
1015.52
807.701
811.5
4261.77
4353.95
4325.63
4335.18
705.471
811.735
1254.64
552.865
3495.19
320.332
734.329
4296.61
3852.43
4166.71
2328.62
3014.46
2975.5
332.235
819.657
4390.49
4337.42
4221.22
696.409
3862.43
2452.84
4056.62
1264.71
4378.71
597.027
475.086
773.067
4080.49
501.968
4341.94
3263.08
798.724
1007.94
4340.5
815.096
736.04
1523.31
2448.14
3024.93
3024.93
630.439
1000.42
1261.25
793.648
1979.01
590.064
1032.85
4381.47
4047.58
4047.58
739.25
968.786
3759.03
3945.85
4288.92
4293.43
2667.54
401.946
808.145
3512.74
4270.51
3129.33
343.736
728.841
1835.88
3127.04
736.866
1497.85
4314.83
2964.85
2513.89
4073.51
3196.35
3196.35
1227.05
4341.69
2503.36
4321.97
4331.55
3425.18
3409.53
810.451
811.996
766.21
483.09
2510.96
3031.5
1022.03
3854.76
3911.51
989.546
395.29
4270.07
4152
3991.8
4353.89
4059.88
763.399
1043.89
715.49
4317.42
4294.24
4348.5
630.53
791.461
699.891
771.215
756.403
2561.94
1747.19
2683.05
4286.78
2460.43
799.776
4350.01
756.606
2191.33
4344.35
376.192
4349.87
844.051
3102.83
725.11
643.756
697.963
374.4
814.591
959.492
4318.11
4260.3
4212.91
4350.64
4289.32
970.551
4022.58
1934.61
527.839
2654.36
4313.73
1698.78
2001.12
3075.71
1789.67
502.366
782.79
4365.44
1371.76
1371.76
772.346
4353.69
652.181
701.444
1093.3
3991.79
665.919
1591.5
4243.43
752.897
1262.06
4340.6
3101.38
4279.74
799.18
1592.97
4385.77
4175.88
2616.8
976.477
4318.68
2928.72
4191.4
4316.25
1513.9
4306.13
4373.23
3050.54
764.097
497.575
4300.63
4043.48
2187.68
3264.95
956.319
4123.14
2970.95
3741.3
4264.96
3282.92
617.871
4228.63
3628.48
667.99
819.206
3346.83
3868.94
3682.4
3682.4
3606.87
715.523
607.83
794.625
4349.29
461.618
3806.53
4261.94
2097.42
4351.4
4364.16
4340.87
3841.7
4357.1
4300.74
3739.22
2428.61
467.627
767.408
2586.88
4345.97
4376.38
3557.78
1400.67
4382.24
3974.64
972.179
3661.91
755.705
3590.36
4353.05
283.232
793.702
3842.17
210.749
854.927
3174.48
869.682
1626.1
4352.11
961.093
198.738
4358.49
2629.32
3406.39
2601.8
2601.8
339.999
777.539
1803.59
460.244
4349.81
988.073
1642.41
265.312
2645.95
4083.72
2142.35
4294.02
1919.75
4325.58
2194.67
1162.05
3868.01
4340.71
3688.66
766.044
3026.03
1454.66
757.643
1699.85
414.485
1481.14
4184.38
1724.91
4068.49
771.279
763.93
4104.87
3477.19
3381.5
181.597
2436.4
561.678
1078.91
1663.3
858.921
2124.45
778.288
135.682
695.586
4255.67
963.946
2899.63
509.403
4308.48
3377.98
755.649
2010.16
990.151
2181.37
2896.14
214.224
4336.61
755.031
2346.58
4339.38
726.897
4351.96
2206.67
332.753
1521.45
752.173
4394.14
3552.54
3729.49
3815.96
450.995
3253.03
785.288
3734.69
4329.99
2594.73
4263.43
4308.32
4269.03
1024.21
1098.97
4073.65
3428.34
4365.08
804.936
4172.22
3869.01
913.595
843.395
741.919
2370.61
989.115
291.771
3004.92
3897.4
3808.94
3577.53
2145.74
4334.81
563.25
821.51
818.215
600.599
3606.37
4368.27
963.53
3526.68
886.581
536.743
1336.81
3958.68
4182.35
3894.77
497.09
261.062
4029.92
476.301
4261.34
257.45
761.743
4371.37
1333.38
795.557
3040.34
690.49
2946.17
3438.01
4353.19
4294.63
211.102
444.876
704.97
843.094
488.736
755.74
623.603
4071.14
578.859
748.837
1036.6
4235.25
4254.05
791.072
3674.58
731.838
1027.22
1452.38
2369.38
933.276
678.627
1608.62
4319.63
978.495
4315.68
2433.15
3933.91
3163.23
2511.24
641.599
1596.23
732.81
798.195
979.107
951.28
1033.07
1213.06
2312.11
4284.11
3824.45
1914.38
4274.84
795.537
1198.22
924.343
791
3690.69
1843
4311.37
759.712
1011.89
4372.43
353.039
701.002
4274.14
841.601
4207.72
2288.32
4312.37
2929.44
4092.93
717.539
4335.48
811.899
2533.63
4373.46
4278.54
4197.71
4347.64
4354.48
755.302
790.777
3748.02
4291.13
462.548
763.828
3319.88
749.974
893.762
793.774
3717.85
750.329
501.394
3149.38
2240.36
4330.75
3245.9
927.681
707.798
372.522
916.105
1106.67
625.351
2209.46
600.976
3870.77
3261.99
1242.34
4264.28
4331.89
811.135
4371.58
4365.24
819.89
4367.76
1823.74
750.336
735.099
4292.57
488.747
2428.56
3238.59
3280.83
4353.97
4613.9
4284.58
734.969
743.144
4306.04
3152.51
850.526
2814.98
965.523
834.204
448.493
996.801
750.704
4349.71
929.342
3636.22
4081.76
4340.06
752.432
4356.54
4333.04
804.626
4158.03
758.752
4291.37
4065.26
2551.24
1904.82
4308.38
4375.24
3582.74
686.327
972.371
3243.47
845.435
3164.95
2630.41
3998.6
781.045
369.38
1043.56
876.839
740.181
4262.7
1194.6
4321.97
1365.07
631.61
3992.28
3855.03
1640.51
2487.58
4279.29
866.318
500.066
761.238
4354.78
731.659
968.726
4219.97
977.676
977.676
3245.24
4034.61
1140.98
4209.66
594.202
723.783
727.201
4370.25
3044.86
4304.54
4198.43
761.288
941.623
2168.22
987.85
755.109
818.842
1928.51
308.571
1700.01
1700.01
378.957
739.83
1453.29
841.187
527.818
762.094
1432.18
1008.89
4295.1
993.477
1045.89
652.748
843.65
3752.74
704.987
4213.11
2957.33
847.569
4347.35
4316.55
706.595
3356.58
1755.36
723.345
2257.64
3394.97
4323.93
2384.5
827.397
3735.03
718.014
734.883
3098.92
683.122
775.55
3114.08
2089.38
4336.31
501.026
816.306
642.309
2017.04
1206.86
725.339
274.149
3719.21
860.982
741.614
892.099
2674.16
3835.69
411.345
3394.5
4343.03
512.964
631.784
2323.22
3703.9
1020.35
3993.21
3993.21
770.653
2017.48
4358.88
2255.22
1889.35
500.128
1035.3
964.883
4249.24
2956.86
224.255
4364.27
781.408
4258.29
530.254
4137.43
829.431
1628.22
3480.2
3474.79
3474.79
4284.32
776.724
497.378
4077.64
768.785
957.817
4163.53
4344.7
4340.76
4048.47
4359.45
4287.95
2985.55
3555.63
752.538
815.453
1947.78
3523.95
2636.83
773.177
2697.94
4219.61
2579.58
1175.71
3746.74
851.075
1048.24
1048.24
4356.77
3920.1
652.693
703.354
4308.76
588.893
974.803
1260.83
809.9
3773.34
2592.37
946.775
820.379
2239.71
491.696
3042.19
2825.09
743.842
2259.76
802.125
452.247
2634.95
3417.81
4303.1
2561.83
755.998
764.756
2254.42
4012.62
233.495
3561.49
710.596
1742.62
4133.6
3152.68
3227.87
4298.73
4030.07
2721.17
4196.52
3820
783.896
4266.36
4209.32
801.612
398.264
764.306
3952.01
2679.18
3713.18
4251.15
4332.12
1920.61
1773.76
4266.73
2979.62
857.577
782.625
4346.15
578.06
796.202
728.401
603.676
700.288
2879.57
2181.73
4142.12
1451.33
740.708
847.433
3725.17
4338.59
585.021
4169.5
3867.33
782.423
4307.79
2807.38
586.738
141.883
1764.4
964.195
825.262
4139.82
487.763
696.967
4343.72
776.531
4322.64
2212.93
790.485
786.42
1882.01
2596.6
2596.6
821.101
3796.11
799.794
782.096
2277.52
378.352
3228.02
4250.59
1750.68
4314.94
2180.18
4007.33
219.834
4289.31
1010.45
3214.28
597.404
786.023
799.933
3226.26
380.083
1768.79
4353.64
742.045
2461.6
3970.41
700.189
1351.31
2241.25
4349.15
4377.49
3313.08
280.533
727.922
2002.13
4243.02
3914.35
773.645
498.997
1150.62
4377.98
1596.67
4206.34
4374.91
3424.51
811.739
797.414
628.34
258.384
1725.77
1408.41
4335.63
970.71
703.418
3755.47
2469.22
2095.54
952.317
1890.74
1025.94
3761.77
4286.09
3096.39
2917.47
975.242
4140.68
2073.65
4164.56
650.388
3992.09
4367.34
2392.79
810.613
4293.7
4293.7
4372.95
641.12
2411.84
4340.48
1935.58
1653.52
1217.38
747.385
578.697
4298.99
832.12
4034.2
1071.19
757.254
4340.19
657.356
4338.88
4316.03
2445.62
745.99
3158.41
4296.83
3304.35
749.532
725.696
3315.76
3589.23
4154.84
2696.6
3707.02
4337.29
2962.13
370.333
2529.92
4308.36
774.929
736.997
696.977
2616.79
4325.31
3465.11
2190.56
1200.91
747.526
3298.53
4336.15
870.741
4252.94
562.863
383.995
755.552
826.097
2784.59
2260.85
2260.85
4319.07
4328.22
3218.38
1296.1
687.08
728.404
2687.55
840.2
782.36
411.317
207.492
1257.22
811.898
719.318
3904.98
4288.17
4309.9
1649.6
4253.53
4323
4283.24
2662.69
543.727
441.866
1659.51
4229.03
4016.73
358.896
846.617
741.459
4341.44
453.118
754.122
775.575
920.344
1873.44
1014.23
3606.17
3176.03
2071.81
4244.51
2665.03
1641.13
1613.93
798.367
504.567
2075.86
2746.03
3957.07
367.559
712.375
821.939
971.479
4302.39
808.735
911.829
2236.1
3823.08
916.709
3071.01
1872.57
741.714
1923.14
4302.37
1037.74
809.187
4291.57
4216.63
4277.92
799.66
859.402
604.104
1067.4
3850.96
2563.19
2616.94
4294.09
3318.51
4230.03
3952.25
660.814
3995.66
490.382
3049.53
641.18
3945.31
1682.42
4254.98
501.302
969.543
2312.62
249.484
3444.6
921.014
811.704
247.344
3686.93
711.908
732.883
4335.73
628.369
733.281
305.656
736.394
4001.53
711.243
333.892
3745.36
2442.73
1899.87
723.259
4034.5
686.119
4297.72
499.253
756.708
733.493
2831.96
699.046
4261.53
4342.55
253.614
2982.07
4271.73
2212.1
596.882
1801.37
814.294
1023.61
983.422
4359.26
775.931
322.114
4275.25
786.923
1677.16
3231.88
3121.47
4351.37
2497.91
746.638
620.959
773.075
1776.08
4318.38
976.942
733.371
1175.7
821.358
3048.22
1389.67
4289.89
718.075
562.386
2154.33
782.752
4374.01
797.934
4213.89
1679.87
3925.42
4061.81
701.04
3490.11
843.502
3225.15
2598.08
4085.57
823.458
972.996
824.783
836.624
877.37
977.664
3014.92
4179.15
4324.09
4223.69
3876.63
4248.58
3405.21
600.69
4353.83
884.722
2967.71
3453.97
4000.68
4289.72
800.235
3995.99
987.059
867.067
783.458
1093.27
1213.67
1213.67
3968.69
3265.51
3435.09
1451.5
977.749
494.197
762.88
955.2
4130.38
772.274
784.688
4344.17
4298.47
959.559
4354.76
4242.88
4263.94
4334.15
3289.14
4192.14
3750.28
767.58
4365.67
423.698
2519.4
4268.29
517.331
2858.76
713.813
3133.27
418.982
3984.87
4151.69
416.771
3372.05
684.625
317.215
4294.23
3982.32
4383.57
795.574
3053.77
226.28
4370
4228.07
719.693
4046.17
830.462
4223.49
4347.23
553.417
3834.92
4004.39
2670.36
2173.92
284.672
755.347
3526.7
727.516
4318.25
771.037
3775.08
4304
4339.78
954.809
979.039
992.458
864.053
4332.19
3494.45
3080.74
1026.08
2700.25
2354.5
3771.14
829.962
3422.59
4157.71
383.448
4319.75
1639.78
1462.85
770.878
4130.05
4259.06
4309.42
768.635
3047.57
742
607.079
1596.91
4330.95
4262.53
973.036
3853.55
771.347
4334.65
3156.06
2626.1
2626.1
4227.01
690.35
827.407
779.932
1550.88
3110.01
715.137
3506.32
270.924
643.279
3583.43
2098.69
284.133
1015.69
4314.89
4325.51
819.736
539.576
747.736
551.498
2575.32
495.028
2287.71
3076.7
4344.6
2706.49
589.71
651.903
4340.14
4290.17
4283.94
581.949
4318.96
3896.4
4159.29
773.534
1838.1
800.7
709.983
709.983
4241.6
1301.55
4368.3
812.892
305.938
725.906
4323.92
1966.8
2325.3
4295.48
800.77
593.99
992.613
276.855
4327.26
3906.48
935.278
4339.5
581.812
1010.94
808.496
808.496
4255.16
806.842
814.71
3492.55
775.692
4294.05
3184.89
2280.09
4347.36
774.461
4224.92
4366.72
4306.72
4336.16
739.522
4344.7
875.106
3932.09
1652.32
3040.15
786.974
3763.62
2928.08
3233.65
779.748
2393.23
819.97
728.218
3384.96
833.946
812.421
879.015
812.918
3347.43
3856.52
231.07
4325.66
966.705
1635.12
3764.33
4242.56
4083.2
2379.86
3352.92
1015.48
4276.95
4238.04
3886.65
783.281
4314.07
4361.72
1001.95
884.214
4361.5
818.45
4316.24
4341.16
2459.35
2459.35
987.035
750.499
971.386
993.987
2727.09
4326.67
1520.58
739.625
4316.68
3467.3
1418.77
4208.46
404.344
4298.24
4158.88
767.438
4310.68
639.186
4357.88
4230.27
4277.18
4045.9
2019.39
1559.59
4317.98
2458.41
4357.83
1839.54
3589.25
4188.13
4013.66
819.38
516.287
4167.29
2058.36
2058.36
648.889
4339.91
713.27
4326.75
4312.38
1003.06
3934.59
1325.16
4352.62
3817.87
3418.26
3279.27
772.268
546.784
4342.51
1469.27
811.059
4232.92
1121.42
4326.32
1022.71
3143.74
749.544
4341.86
300.311
4366.77
4201.31
568.893
4316.34
2503
686.919
4253.02
4253.02
3551.39
998.965
4335.18
728.143
968.12
718.916
999.723
437.305
748.671
863.501
3228.84
4291.85
4211.11
3940.04
4344.4
4339.65
1837.42
538.246
3520.49
1871.21
3320.03
814.093
746.672
982.812
2000.06
818.422
373.824
412.203
1847.82
975.653
4348.93
3410.75
4351.63
3514.2
844.833
799.915
3150.62
815.658
939.966
677.69
3478.16
1305.83
4071.5
4224.27
4334.59
737.606
2905.91
775.218
1332.67
824.748
3180.01
3474.57
1314.81
881.409
423.857
3519.15
3938.41
694.412
2466.47
779.49
4160.11
743.184
2072.4
4309.55
806.937
4153.36
819.016
4205.98
1832.85
705.822
4305.81
4329.22
645.384
918.515
4335.97
2856.31
2480.11
490.991
764.241
725.411
652.724
2952.47
3091.24
1989.29
766.129
712.091
606.254
3252.25
642.418
384.004
1007.74
334.292
500.76
2786.93
2464.54
4331.98
4356.64
4254.18
585.382
849.958
535.234
714.415
3355.68
559.416
550.419
3929.64
854.187
504.686
3518.4
3868.44
4299.68
324.416
426.464
3785.15
3957.06
4297.23
947.466
4359.1
4377.98
785.164
3859.78
4248.11
855.033
493.576
754.881
3338.13
754.517
719.941
2926.88
3620.48
4305.77
1479.84
884.73
2539.03
4006.29
4342.32
748.307
4372.87
4290.89
549.541
787.112
4350.83
1501.76
735.695
4193.15
847.511
2827.98
3521.83
656.259
542.693
780.951
3732.38
765.431
4289.6
3994.02
4312.46
770.835
4210.52
2997.53
264.699
2158.03
2234.78
4344.28
2197.93
994.441
4329.36
4145.59
4279.94
771.606
3934.29
2595.49
826.199
837.477
2324.61
723.365
881.366
4302.78
2382.73
386.491
588.543
3371.92
3779.1
3673.98
762.719
4348.55
4305.36
768.255
3433.29
790.707
488.623
909.716
4363.54
4229.54
4347.93
4122.39
4335.31
936.979
994.319
3732.3
3736.15
3736.15
1561.92
3775.82
718.65
652.857
3197.9
4332.84
430.622
884.793
3264.96
3045.89
3334.67
692.157
586.976
572.613
811.625
4367.67
3059.46
4315.21
3792.48
3774.85
2455.13
4358.32
421.582
2915.41
4033.74
956.282
320.939
4349.35
3096.2
1013.67
4321.41
4297.57
4332.41
2743.78
811.629
2365.12
797.997
4197.11
4321.1
1916.62
400.193
214.402
892.27
2054.8
3883.9
4248.14
1009.07
1697.85
3840.58
3587.99
3445.89
3868.38
463.062
3171.96
739.828
403.111
585.321
1637.59
186.032
4068.27
3672.71
997.44
2028.1
3961.86
4373.97
3069.78
3803.44
721.938
2310.43
4307.69
752.783
4166.49
4405.97
4217.81
2054.09
4135.29
4325.92
4325.92
4323.01
792.762
840.539
996.767
996.479
3209.32
844.586
718.708
4062.5
661.453
4374.48
782.787
4223.47
797.209
694.361
603.371
1784.57
649.005
709.583
4173.59
756.655
4364.96
419.795
807.864
4288.8
4267.26
3345.93
627.712
897.587
2263.41
688.593
4113.69
724.26
766.678
353.763
2928.26
874.041
2500.26
3821.58
2261.02
4259.73
4062.72
4062.72
284.389
4310.14
4382.88
605.897
914.981
3690.84
4156.42
4326.38
968.184
988.801
214.007
1983.02
4344.09
3926.62
783.89
2259.26
3976.31
778.954
2540.08
3981.53
1068.28
4344.83
4320.28
3478.58
4260.85
834.788
3965.87
1198.96
4315
801.698
2733.08
271.587
567.107
780.402
4170.28
2649.18
4124.32
1252.37
979.564
1277.45
760.419
2091.99
1108.02
2925.14
1924.36
2636.94
3757.18
753.001
1029.92
808.847
2410.62
4164.82
2819.45
4276.43
4304.09
776.193
1926.01
770.701
4276.51
1885.53
3959.96
834.383
3131.44
1535.49
4142.42
812.501
2905.87
704.68
4306.04
725.373
4296.61
4326.21
2034.26
3587.19
787.659
1024.99
960.206
771.191
856.335
3935.09
4273.84
3079.61
3378.9
679.782
2039.8
824.996
989.792
3672.35
626.49
3545.56
479.048
763.354
460.976
486.059
737.217
3398.93
384.461
2597.44
606.958
4140.49
3352.2
4333.04
2781.73
452.737
1878.87
1338.41
809.817
1016.71
4348.16
4044.51
2984.34
2984.34
4264.5
831.404
1009.03
1591.41
768.786
3227.96
1796.29
3240.36
1882.23
2368.61
4270.85
4318.8
1971.29
4295.69
687.438
821.815
4318.51
4311.84
418.385
4231.76
4259.25
4337.55
720.813
3283.65
4137.19
444.901
827.565
1275
4319.59
2019.85
3570.56
2362.49
4335.87
2369.13
3102.63
4287.91
4366.79
3881.75
1829.39
4179.95
808.378
662.348
800.502
4327.89
837.026
4337.12
560.859
4030.5
1836.21
2192.89
1422.48
1581.11
3468.63
414.581
406.481
619.129
980.278
2645.59
2503.39
310.033
3708.53
4323.23
2249.4
4103.08
967.435
4194.71
2652.76
3355.28
1349.92
1429.5
4345.19
955.828
870.514
3760.78
931.725
782.836
3109.44
366.335
867.413
640.244
2577.93
416.042
2328.7
4330.63
4354
1007.08
3882.01
3497.87
1444.5
881.81
519.194
281.136
4042.19
3610.9
4485.62
4349.24
4349.24
1673.56
3833.57
809.389
4172.82
4370.12
4328.69
4367.34
4324.96
325.123
1825.71
1682.97
4205.44
4205.44
2475.47
478.75
3620.67
4317.16
736.766
766.553
817.758
4353.17
4339.33
270.331
484.108
4186.64
4353.84
4351.6
969.405
579.936
4336.38
1792.11
4368.46
1829.07
3608.13
1854.08
3051.99
4318.48
749.363
4251.81
834.628
727.138
1118.66
4347.54
4207.07
796.203
2415.8
1022.55
1909.21
4262.99
320.287
704.734
2835.81
3174.25
481.227
919.619
751.577
1465.08
2884.66
738.123
3662.72
3515.03
3823.35
784.887
1858.37
4206.78
884.963
1507.95
4221.24
189.8
4308.72
3839.23
2598.05
2598.05
2913.43
450.142
2468.64
701.36
4389.14
4066.5
1831.75
736.207
737.685
753.183
678.406
4334.68
2782.8
3652.52
785.733
781.251
572.744
717.297
748.714
2531.41
4370.54
846.435
3591.6
4177.93
447.549
2361.79
2557.53
835.061
3736.14
489.662
3652.96
4154.45
1206.99
750.717
793.777
2411.23
4357.77
3150.31
916.624
2724.38
3234.9
4257.42
1821.01
4356.07
4049.29
4076.96
979.726
3211.06
2958.27
4317.53
4232.42
3476.22
2841.92
982.716
4208.92
703.172
4341.31
4122.02
3308.58
860.085
722.92
3744.4
4325.1
751.84
781.253
704.965
729.929
537.582
3132.36
684.838
2899.64
4142.08
766.118
2097.29
3076.21
4011.62
700.639
839.707
3261.45
311.004
3426.03
2475.92
2475.92
1785.78
817.945
4310.28
4319.34
4294.24
4319.68
4319.68
790.513
540.492
820.223
820.223
816.629
2565.29
1566.94
986.309
258.353
2375.2
4186.9
4282.34
749.926
756.183
2403.74
662.595
2698.06
3614.74
3921.23
833.696
4302.05
184.859
4370.98
4060.85
3565.88
776.713
4303.73
4331.44
3671.56
4360.73
383.07
815.916
954.079
183.122
697.569
4246.58
4134.56
4290.8
4331.69
727.31
675.377
862.69
4334.17
768.961
4215.8
840.231
848.948
843.31
978.083
995.708
3448.16
3762.7
757.71
993.064
782.506
698.994
1024.86
1987.28
3535.07
4342.33
807.22
766.035
1054.79
789.586
2971.92
707.443
4162.65
898.291
4312.91
3187.31
853.582
788.107
4355.98
4313.9
316.319
3184.77
4020.23
590.167
599.361
558.066
672.653
997.315
792.226
742.952
834.201
4052.17
1163.32
4233.46
1822.14
794.912
3266.36
1801.44
969.424
2578.37
4210.33
1713.26
695.182
765.613
3458.49
747.421
2218.75
2218.75
884.168
600.484
989.986
3329.44
2740.34
4351.07
2127.91
3117.6
1642.34
4263.8
3531.91
613.82
743.872
4275.75
3564.99
1014.43
3063.49
1967.65
4262.6
4364.12
4195.14
760.816
787.286
4073.5
4364.45
745.53
708.231
656.003
1013.1
2145.27
4016.88
799.664
867.513
1005.71
4220.15
508.583
2759.11
1002.66
666.432
4331.97
1528.78
915.418
1705.9
481.54
4337.32
954.54
3123.64
4238.4
1010.2
807.63
749.788
1311.71
4285.69
1753.18
4617.34
716.748
1692.85
779.042
3999.19
3953.15
2824.15
4242.06
1151.55
4188.04
823.129
2852.05
572.585
704.555
2859.56
4306.12
4209.2
609.074
3903.93
955.919
2555.5
4334.31
2366.09
275.972
4318.78
792.453
4301.63
858.13
2030.69
4336.9
4344.01
807.218
4305.95
2033.26
3500.89
522.02
4334.73
2939.75
148.701
610.286
4297.31
3260.36
511.299
511.555
4283.3
1897.1
653.086
1806.61
960.313
1556.76
720.864
3563.91
2219.11
782.951
626.142
783.918
288.695
3459.01
644.993
1486.71
4355.96
780.399
655.339
2447.27
1311.09
4131.77
719.498
576.647
1613.69
1603.66
813.515
3290.7
4003.1
792.595
1609.91
1609.91
559.561
4238.53
2526.95
4654.84
397.572
831.661
697.232
4318.58
1038.91
4303.98
516.37
962.231
743.92
784.086
232.171
4274.39
1418.6
767.543
3930.27
4327.75
3968.94
3673.51
785.182
848.272
3377.78
3696.14
788.479
760.051
1177.54
1977.02
4208.53
2270.12
424.797
2497.94
992.114
3083.54
4339.36
977.81
3755.94
683.756
4236.77
3593.99
136.944
477.401
717.94
3083.41
3527.76
796.8
800.363
2993.71
810.605
3230.22
2399.49
771.407
3582.3
659.884
781.832
658.03
1123.36
4041.02
3899.14
4042
427.217
1655.96
4272.29
833.226
768.707
4378.18
4223.03
874.379
4319.73
1458.04
4095.06
915.044
3418.21
2181.31
731.579
876.933
1958.89
1564.31
4282.97
2759.21
689.059
658.478
812.181
4316.7
763.477
4156.37
2687.37
759.913
907.718
3817.89
3783.34
632.068
716.738
975.283
747.15
2095.32
2007.12
2007.12
943.505
819.17
817.802
4325.2
1902.55
4283.26
2006.7
952.541
695.561
791.127
3441.07
833.626
2766.77
3331.69
1764.76
3799.1
3799.1
2470.2
4281.89
4049.18
3902.98
4317.03
4382.75
278.118
1271.08
4121.06
751.053
594.566
768.634
4230.19
4291.25
4297.95
4327.91
3569.15
1779.88
748.978
821.421
894.276
810.775
4125.44
4243.97
2587.76
663.865
3567.8
4348.3
4351.38
4283.62
2505.61
716.88
800.571
1692.88
1692.88
1396.28
4378.29
3164.64
2204.82
771.926
333.57
3879.43
791.882
4125.81
703.637
1869.88
374.501
668.686
2624.02
823.163
4062.03
841.482
619.772
2194.26
4222.51
785.459
4340.39
3669.82
3404.09
4254.58
4236.76
819.196
799.04
1059.94
620.995
744.534
767.914
4313.13
637.332
811.319
4352.16
614.341
4332.97
4369.45
745.104
823.355
4313.12
2545.07
514.451
549.987
3517.24
4159.06
777.373
964.165
680.835
637.945
722.556
2055.49
2055.49
730.645
3972.75
4257.65
974.113
819.313
786.229
2556.88
1440.66
655.784
809.925
3997.93
633.726
565.514
782.545
2324.05
2973.08
4262.54
4326.59
2381.6
700.505
4299.08
482.236
3229.89
483.658
2330.72
787.301
4377.23
865.299
642.913
691.711
1171.46
3724.16
2169.29
889.137
4358.24
4391.56
4304.31
3361.93
3449.38
792.888
645.862
692.639
1897.58
1004.87
721.156
1287.98
4346.08
3830.53
827.561
793.665
821.082
557.096
4111.17
269.479
4320.35
936.413
3420.33
4360.67
4298.29
610.17
989.162
3817.28
3551.12
739.696
798.343
935.229
819.848
740.5
759.558
903.401
4297.13
942.443
2487.35
782.753
4618.51
795.987
816.884
4256.08
4093.29
4356.78
4095.52
1194.66
4345.29
4256.28
910.702
3674.81
3674.81
1841.75
3990.9
572.377
4317.72
4304.61
3817.22
920.771
1037.72
4238.98
4328.94
3305.7
971.133
1301.89
920.898
792.344
2103.61
769.654
2425.72
1948.7
1737.94
847.141
3328.48
4270.52
3592.55
4351.71
4316.31
3603.94
812.502
2988.49
672.901
1952.78
628.115
4355.31
1963.23
2165.33
2042.37
4187.58
999.715
906.016
859.493
4339.81
258.079
4355.91
4312.05
760.418
698.099
4353.9
3472.36
334.636
4092.48
4185.84
886.535
1477.45
3343.5
4365.97
4333.65
4079.02
760.961
1680.17
3071.92
4359.21
4282.5
3766.63
2227.26
3891.52
743.422
718.796
584.162
4400.61
4308.94
2422.9
2393.56
751.21
2041.73
536.799
4194.43
4339.02
287.374
4313.34
4228.4
4303.91
3789.53
3610.07
4347.94
2986.7
368.976
4029.89
792.406
790.304
753.317
2342.62
2342.62
617.194
783.533
572.091
776.607
773.252
4326.71
596.048
2013.33
668.255
4298.64
1767.74
230.952
3395.91
551.764
1621.02
814.144
4347.51
2352.41
621.097
531.315
508.131
621.971
726.473
307.669
576.297
707.224
967.487
4324.84
2503.87
3244
630.479
378.548
4295.81
956.115
3275.98
784.481
3639.59
4238.17
4354.68
3816.96
3674.52
1286.28
837.534
4337.28
464.317
630.17
490.185
633.741
633.741
2185.85
754.549
765.507
4340.63
545.974
4244.95
4138.3
783.43
4334.18
3214.97
3855.44
3716.62
794.018
2109.92
1949.67
476.722
3645.05
543.738
1895.91
3408.96
823.856
792.23
4339.19
3038.27
4370.77
2902.89
3097.1
545.251
662.609
308.376
4111.12
4105.16
778.95
1187.74
228.337
3371.21
3749.61
1028.7
4060.48
3756.91
442.329
1354.45
4351.21
919.642
3618.92
713.285
4266.36
2655.48
2761.39
635.588
3955.9
726.438
4075.02
744.547
3203.45
4148.37
1847.62
4303.29
767.441
1831.4
692.369
1723.3
916.881
2229.93
4329.19
808.232
3034.57
2219.21
4074.37
4367.31
965.926
773.079
2811.99
973.239
562.783
693.768
739.379
3037.87
3088.78
517.961
551.051
1414.99
2134.83
3801.21
3266.6
817.22
2193.82
1784.53
1504.14
724.34
1730.48
685.187
769.538
835.661
838.833
771.051
3316.49
4324.3
803.919
937.999
748.623
3821.23
608.496
817.628
2955.02
3454.95
4281.32
3815.05
3831.22
4161.69
769.19
2806.33
2806.33
4201.89
365.569
3726.43
606.908
564.582
4305.55
693.283
757.511
238.42
604.53
4124.34
1878.28
4359.4
913.125
3725.66
780.208
2246.3
3246.78
2121.22
1314.28
4177.51
674.318
713.488
755.985
1573.61
764.874
4310.68
794.642
2001.65
4283.06
377.231
4156.62
4233.58
4316.23
4122.17
4164.84
774.681
224.135
3767.23
2574.72
909.29
767.615
836.871
4244.89
767.639
4302.04
3205.25
4336.12
770.52
2321.35
3963.55
963.834
748.47
4037.46
1817.35
3126.26
765.035
304.325
739.909
4279.37
774.673
3685.97
3838.64
803.743
1221.49
3997.18
3637.35
814.759
4310.51
4302.21
2887.66
4161.83
4390.95
4362.44
789.307
2810.21
4263.89
645.365
3590.05
4151.72
2578.34
1581.24
4348.63
867.049
3377.87
741.76
3228.61
637.72
4319.44
679.383
2493.56
4336.22
1146.78
839.689
801.053
1946.36
586.242
4374.97
596.858
4083.57
4367.32
4264.08
917.49
798.019
4203.29
3465.78
613.404
499.676
440.42
450.846
1524.79
736.799
4329.32
362.686
4289.55
4352.29
605.904
4316.18
397.541
3954.43
4361.1
950.296
2636.27
747.392
824.665
4342.82
211.341
807.696
465.075
4569.59
803.853
4300.12
242.331
4332.66
4120.05
730.504
639.652
839.547
863.212
719.452
4109.15
2620.65
4301.69
985.784
3878.98
3779.02
731.49
4086.81
463.597
749.56
2707.49
3458.32
998.836
825.186
3058.53
4311.65
767.262
2872.02
4287.43
3839.07
4320.5
2278.51
2325.04
381.681
1006.72
4011.21
4304.38
4556.78
739.887
863.833
3323.81
1502.51
785.726
719.712
4070.62
3300.84
3918.34
852.069
690.553
4151.37
4336.07
802.789
906.806
361.508
780.383
2797.58
3391.31
3355.48
4335.75
1486.27
3116.48
965.155
1633.54
3894.6
4318.06
777.372
3894.83
4383.53
434.222
791.665
3444.17
566.746
1617.71
3410.88
4284.72
2367.65
4194.05
4301.95
479.582
594.048
535.824
3362.67
4211.49
627.801
4223.06
776.51
705.749
3058.03
4293.79
3881.37
4285.59
3775.56
3224.64
838.882
4355.2
1531.53
346.415
865.825
543.541
654.821
876.099
570.663
292.239
872.466
3038.03
3980.97
1182.13
4348.33
814.396
749.377
3462.78
4308.88
406.948
848.186
369.808
4359.92
260.162
3701.61
643.608
3618.96
2265.2
3831.6
3089.65
3089.65
3077.78
735.394
4357.09
4348.75
840.848
739.956
4307.97
1719.22
4346.53
409.324
2430.21
641.337
3521.28
596.06
4258.31
587.757
3202.14
1304.96
784.326
948.268
4309.79
791.502
3907
4328.74
2735.61
4355.02
4180.9
3852.51
819.02
3010.79
698.545
767.857
4293.68
976.319
808.142
840.965
2029.64
350.666
3446.81
2782.82
4272.62
758.013
3226.29
806.151
958.473
1311.05
576.572
2148.61
1514.86
773.432
4385.59
980.258
4309.46
676.745
4268.54
420.048
1438.8
1591.64
582.885
1526.89
753.76
728.426
980.105
737.4
846.391
586.468
978.543
4233.47
4307.39
3949.32
749.83
2549.69
4298.66
200.528
562.273
3994.99
3590.45
806.389
740.689
4312.22
3953.99
630.62
4047.74
4096.51
4307.17
1773.48
1773.48
790.618
3808.79
4073.86
2205.24
1886.71
582.082
4325.43
226.783
656.331
489.113
4323.61
1527.13
3268.88
892.808
1625.35
3375.24
895.675
421.934
2035.83
4053.16
1840.55
2250.33
1997.85
172.695
838.778
372.144
1004.53
3380.57
3207.18
920.025
3947.75
4303.36
1184.68
4154.48
1996.95
760.643
615.282
4324.93
3168.01
611.187
4335.8
579.688
2961.4
4365.09
4297.03
4111.7
2312.03
4317.65
4281.25
418.919
672.218
4321.01
865.943
2822.56
1578.26
973.745
3561.01
3078.43
3078.43
3329.62
3329.62
921.015
4313.7
946.512
707.968
657.477
706.646
1961.51
1962.21
210.728
3792.54
1327.73
3363.86
3363.86
2673.36
3263.64
4240.7
812.838
1864.79
631.941
631.941
1646.6
762.223
995.92
4301.12
4349.89
4314.94
1941.52
3999.05
1452.41
4311.77
2368.67
4357.76
3824.94
978.765
3158.19
649.314
4329.31
4170.13
947.638
2020.06
4276.04
4352.15
3068.42
2515.77
1348.75
735.196
3674.84
996.99
4319.87
745.645
597.302
879.577
4250.28
4402.61
4076.08
3041.65
870.937
223.186
445.887
4353.09
4198.42
186.578
4376.94
3657.69
608.502
4058.83
4245.93
2449.42
3361.81
990.371
4167.36
3962.84
273.083
3399.81
712.912
255.718
737.898
703.092
4230
780.247
3137.85
4373.22
789.947
4021.61
2740.07
2740.07
4249.09
4286.1
726.961
4335.03
3088.76
451.263
1009.46
839.999
544.954
911.87
4234.34
3603.63
2569.99
2024.23
3987.94
2411.58
1728.9
969.27
4313.04
3046.35
4281.87
4320.91
932.952
2076.43
505.129
2318.5
575.948
965.095
3078.96
4349.71
4113.79
850.124
2130.58
3454.63
816.162
750.375
1837.15
468.069
4274.27
4351.98
814.599
768.031
2415.65
3275.3
4337.88
2863.96
2863.96
4204.06
2934.85
762.936
4320.71
822.151
753.474
4335.78
4322
4322
3619.63
4333.82
3369.88
2282.19
2806.76
811.545
807.439
733.475
983.474
744.886
825.143
637.74
1442.4
4149.66
4306.1
753.433
877.927
742.155
759.316
512.926
3123.88
1817.06
3600.84
4304.4
3905.55
899.988
721.062
3612.05
2154.08
4378.96
741.804
982.881
2751.44
453.684
534.643
403.035
4275.37
236.397
648.244
716.578
998.6
2553.51
2553.51
4292.3
706.279
3219.49
3633.96
3627.83
4372.02
4229.43
2769.84
1505.2
620.509
846.289
515.571
4088.72
4346.8
1871.58
4330.64
768.963
180.683
4337.09
4263.8
4383.28
2217.51
4367.44
707.495
4363.05
731.783
796.146
3789.8
784.195
2097.11
2824.41
4104.91
4104.91
3959.35
4344.48
632.315
3008.24
578.852
788.298
890.889
2657.64
4307.97
3208.13
3543.37
4242.26
3237.33
3730.83
756.693
808.598
319.431
3401.79
4261.15
4375.91
1683.68
827.834
952.792
605.619
769.438
848.117
4375.17
367.157
4321.42
729.386
4327.4
637.135
3951.13
4318.95
2842.39
2167.53
4368.23
782.745
1022.2
1766.78
3017.58
776.451
4270.04
4300.59
1941.85
704.974
181.555
1122.65
4024.4
1734.46
4306.48
1472.21
2234.34
4284.75
4138.62
4332.29
2225.78
4250.07
767.868
4111.59
803.034
507.008
3850.73
2552.9
4245.92
3887.24
3887.24
3973.45
834.702
321.226
220.967
3379.19
891.784
1562.97
797.243
493.24
533.476
376.103
204.742
728.776
4588.26
2119.94
403.482
3139.37
773.79
4239.31
1787.87
908.231
777.026
2903.36
708.868
530.545
714.193
834.738
790.857
4219.4
4182.92
3767.88
745.247
577.479
1880.65
2710.58
761.387
3822.21
1457.59
540.909
847.417
4361.67
4317.7
4105.91
3388.97
809.649
807.987
4301.91
4314.78
877.794
744.955
329.908
3657.07
796.264
3164.57
753.845
765.903
1663.57
3359.83
3359.83
1540.54
3514.11
1429.72
4126.31
3699.34
799.895
3559.78
471.168
768.259
4350.2
468.671
1112.3
4280.27
1780.8
910.398
830.265
4356.26
3570.26
772.438
4379.46
4361.15
2758.27
800.597
982.194
3287.46
731.709
4351.07
2408.43
809.615
4232.16
2764.83
4323.18
249.71
3785.93
2826.27
1009.11
4348.39
1103.93
4306.02
1967.1
4309.39
698.946
3364.51
2930.86
4515.43
4274.48
789.669
1773.66
850.275
4270.7
4373.2
4373.35
771.024
609.473
198.561
695.511
4337.55
2128.62
4343.55
3318.56
2693.86
2925.26
1747.4
1884.95
3909.86
3257.13
3000.43
4373.07
3850.71
3548.89
2889.85
3473.14
2801.5
750.303
842.388
4337.65
777.775
4338.96
667.815
799.86
2644.09
1736.42
2780.94
449.238
831.657
2694.33
2694.33
4364.37
4387.6
918.647
4128.74
4128.74
4287.44
1314.01
775.581
1012.35
4259.86
1014.8
4054.01
3239.69
442.703
680.432
808.198
294.898
4344.36
4347.05
842.25
811.024
780.34
4243.08
2759.52
1650.81
634.858
749.742
778.364
575.702
794.551
2403.07
714.587
782.787
4208.82
2922.47
770.806
816.574
1432.83
1432.83
773.617
4247.04
2626.24
4118.87
3854.62
2075.63
603.854
887.81
336.946
4331.05
607.313
4312.42
4286.79
2530.97
719.087
4252.49
858.131
510.418
2161.5
309.092
765.94
807.36
4334.49
3238.21
4364.34
4353.89
2948.59
2881.67
4308.34
474.277
790.034
4343.26
4348.3
772.466
1026.85
2135.79
2555.8
4300.61
780.705
221.207
532.429
838.006
4297.06
3454.09
877.836
1904.66
1904.66
1058.89
410.403
714.852
2793.92
4348.28
690.422
797.221
745.165
832.455
2541.22
819.654
4327.51
2771.39
1700.11
4347.75
294.045
4323.16
1822.75
4383.06
4347.67
714.878
417.173
1405.29
934.666
4096.46
660.081
176.004
1990.69
4295.83
766.543
653.597
2754.37
3843.68
239.203
1811.81
4204.32
4077.71
4349.82
3561.94
4295.31
439.278
795.152
2689.44
758.225
2459.19
2459.19
4333.02
838.857
3466.36
2790.93
4325.6
1735.33
577.886
1597.77
3319.06
4363.14
748.571
2694.34
232.945
4282.31
4372.43
804.521
802.843
4330.45
769.489
706.912
467.715
4172.64
4065.42
802.346
936.712
768.45
2160.3
1956.81
4167.17
2939.72
1018.8
812.569
4288.21
668.943
4343.14
4260.46
728.061
4301.88
743.205
4306.76
4259.08
3056.03
748.004
543.682
4340.87
4082.36
772.356
3561.26
4097.1
3219.42
4212.95
712.135
4378.45
3569.91
652.37
586.448
1493.14
764.448
4357.53
4384.07
4124.39
3007.8
2023.24
2272.56
392.413
2529.5
185.737
4131.78
4169.95
1581.14
2909.61
3217.95
2344.44
3834.88
267.434
1788.4
667.156
431.585
4092.85
1598.03
757.264
295.388
496.775
4280.43
4266.83
818.945
4217.25
1002.92
583.988
1688.14
701.726
4079.08
4189.76
977.395
725.926
364.097
4318.06
934.726
2165.13
4332.6
4263.49
2390.74
3971.43
424.318
751.866
3940.96
822.925
4070.86
780.144
2072.47
4155.79
1557.93
761.982
554.359
4338.59
4303.42
4276.75
3934.42
2742.44
760.283
718.934
229.576
979.449
2424.9
1673.56
1673.56
691.585
3954.63
3600.68
746.548
1029.4
754.425
463.632
485.141
844.263
522.07
4130.74
4292.87
274.872
1915.15
4139.77
3605.75
4344.71
4331.62
694.387
4095.7
3413.52
4202.69
3950.81
752.916
744.839
625.384
3363.12
611.444
2743.16
518.418
4240.18
4304.23
4350.14
800.339
1409.8
245.55
4281.13
610.16
694.178
3069.99
1038.6
721.289
495.711
1725.2
2104.32
306.91
3271.01
3340.77
917.435
510.279
598.281
4005.15
612.525
4141.02
969.652
1393.5
738.211
637.067
3410.04
3671.36
3798.98
4267.89
848.844
810.424
4321.18
1875.5
791.818
1254.21
1423.11
792.252
4314.4
2392.5
617.095
2850.89
4310.72
729.313
857.487
679.533
4350.95
4320.36
3364
847.149
774.113
4211.94
3266.08
638.629
3743.76
4365.5
4331.16
729.517
2841.5
4389.75
1016.84
2747.24
690.556
2835.51
3885.09
1922.79
3448.92
748.246
4315.92
834.514
861.375
1538.5
4343.64
3912.82
4147.19
744.184
504.698
681.966
846.27
839.974
731.526
3090.39
3167.35
775.382
2634.6
4324.96
787.048
757.351
2738.66
757.559
718.678
3334.77
747.863
2712.44
4251.09
4403.08
808.663
1606.58
556.374
1152.98
649.732
3422.9
761.871
750.608
789.864
718.623
284.228
3103.72
3237
649.232
669.679
4334.37
2018.41
1319.05
771.543
1030.34
752.525
367.567
729.883
1353.65
765.969
816.592
968.634
1921.52
4369.45
1052.66
4189.96
406.58
3102.5
4349.34
459.58
3992.74
3628.66
4320.59
670.111
3687.2
4134.67
491.791
807.607
3482.22
521.921
4332.94
785.173
1038.74
1930.39
4330.92
1477.23
894.437
678.838
4574.27
847.958
4330.92
4111.71
829.247
1836.47
667.929
3519.01
4015.7
3291.48
1306.04
4320.85
765.1
270.151
796.234
4180.35
3390.86
2317.8
715.299
805.275
587.672
781.184
794.217
4073.05
666.736
2011.64
1452.64
762.96
832.141
1709.35
741.253
3954.44
826.415
2085.3
716.627
3370.2
165.599
3626.27
870.38
3177.8
794.96
982.741
1596.64
323.117
3943.64
1314.68
768.947
812.032
4355.37
3670.05
4311.88
943.752
3218.41
3218.41
2893.63
600.399
3703.83
797.776
4343.5
522.231
4141.95
4372.26
1673.86
923.984
4053.33
696.417
1754.6
3336.59
1725.83
4259.72
1536.24
3307.65
1466.49
4308.16
658.541
1521.31
618.512
2621.16
4253.37
4337.18
4309.2
746.331
637.323
622.55
2845.86
982.429
982.429
936.489
712.191
824.971
419.872
2300.4
567.93
731.864
2478.27
712.331
2412.48
998.35
4233.92
744.256
4320.7
1519.69
3358.95
682.617
619.087
753.177
746.78
328.834
751.556
787.481
715.465
909.861
933.521
2290.16
991.124
2362.25
790.952
669.362
269.374
3033.67
3033.67
4372.61
798.883
730.909
1470.48
4160.24
4317.98
807.735
3411.01
4165.55
687.764
758.588
717.547
809.065
2355.19
4301.41
4280.56
4202.99
4230
3532.29
1992.91
1992.91
2670.03
2670.03
495.217
2941.49
157.118
2277.43
4354.32
3804.32
407.065
761.713
772.201
4185.58
622.29
711.957
832.378
2779.39
2698.42
3340.6
434.69
347.929
738.623
4341.76
3941.51
1005.71
4321.72
1863.89
791.85
3524.42
2254.34
694.48
4364.86
777.26
2093.23
736.454
366.892
779.533
4184.53
4304.16
3849.36
3168.53
756.582
2885.12
3125.11
426.364
776.009
750.299
835.736
2804.79
4010.16
538.456
4106.39
841.039
4345.95
951.217
2484.21
1213.2
978.466
4368.33
3016.02
787.348
838.131
4354.96
4349.53
4326.84
299.918
986.878
4187.63
715.789
2942.07
891.009
834.059
4356.93
4326.45
750.892
500.186
4214.11
778.34
3774.93
4292.82
151.787
3320.6
3115.97
3349.24
765.287
4332.44
2878.63
3297.12
2736.39
527.624
1685.45
3185.32
4370.86
1047.03
4358.68
3001.4
2780.79
629.308
4221.58
245.447
184.172
4342.3
2957.21
3117.86
261.413
4302.58
414.807
4302.2
4293.47
1271.4
580.567
769.799
732.981
823.536
2683.28
4289.35
3658.6
3658.55
2702.06
718.22
2853.78
781.891
4373.26
327.325
1216.31
4357.01
2350.23
480.077
739.129
4217.98
375.918
2506.87
3705.58
717.882
700.443
470.997
794.709
982.167
2795.89
771.362
617.972
763.216
987.969
814.819
4397.51
767.967
858.053
871.331
4266.06
745.545
4286.22
375.064
756.796
841.27
382.13
518.886
780.248
4130.88
3094.97
723.62
733.316
4246.5
482.589
3606.77
3269.95
659.099
3722.87
745.353
756.509
926.787
563.564
786.631
3739.98
770.093
2151.51
774.4
1679.54
3900.19
3900.19
1015.65
797.321
743.739
387.832
827.955
579.826
4331.21
4294.73
1684.52
507.831
571.844
4357.33
352.44
3299.24
4358.1
812.776
3874.68
3509.28
701.669
4331.53
1446.33
3245.78
3930.83
4198.37
3373.15
648.67
444.233
1945.5
786.172
903.207
276.122
769.764
3694.55
1893.54
2591.59
4365.91
602.859
4190.6
4344.66
2928.94
985.051
689.004
575.445
4335.87
3914.51
2841.3
797.049
678.441
3842.72
2352.5
4039.86
1239.81
4352.6
1416.65
2263.15
1241.56
4352.75
1557.08
709.694
1180.24
1180.24
4261.79
3683.53
833.323
2331.06
2253.69
2253.69
752.204
4332.27
792.541
2904.21
644.007
4352.48
2571.68
3993.07
691.785
3318.91
810.908
4299.58
3127.07
2788.45
1535.24
4046.35
811.193
4349.64
4001.57
768.157
808.61
498.992
783.878
3860.12
690.993
2352.82
808.67
3613.64
4265.53
3605.69
4359.18
724.076
915.096
4285.77
4019.15
4376.3
745.047
1489.62
3949.87
1542.59
4144.46
4144.46
4367.56
4314.45
578.011
4356.66
3877.89
4242.07
837.371
963.492
662.962
784.663
4315.46
961.828
536.624
4097.28
4309.26
754.145
4408.11
781.131
1408.29
842.307
4363.25
989.274
4366.23
4165.33
820.216
990.946
2785.62
757.39
4336.74
4344.47
2249.91
731.929
230.615
1281.37
4346.74
2542.69
3499.41
3221.91
771.22
1702.97
1702.97
1108.54
4255.27
4219.02
372.712
983.497
1275.88
4371.94
4073.47
4243.79
4357.73
536.793
4372.06
4363.45
2599.36
691.82
533.453
4117.14
998.913
2926.33
2926.33
769.423
4001.16
895.23
910.217
374.471
4221.67
747.211
683.154
1873.46
1715.69
802.625
4318.67
1525.13
766.841
766.724
4356.68
4318.74
2401.68
3023.75
923.382
1063.72
4095.52
578.678
219.142
1827.94
1827.94
3813.97
4342.35
1604.72
4241.95
4331.75
687.764
4087.36
4364.46
845.534
1943.34
2043.58
967.961
4361.75
4385.46
4175.76
848.01
4343.29
702.527
418.805
3027.59
725.404
557.003
1159.51
2906.59
4053.98
760.911
740.143
622.874
804.206
659.844
1529.99
1529.99
661.797
4132.7
4050.66
806.255
3392.23
691.309
592.574
4071.06
4322.84
341.088
4313.45
4180.68
765.952
4341.53
3362.65
3331.42
4387.65
780.232
4318.65
3938.71
815.697
667.434
321.346
4324.43
4376.69
2208.96
4347.71
821.723
1104.89
4157.08
4157.08
768.644
3375.32
739.769
900.353
764.354
535.592
4323.58
480.138
3262.87
794.639
729.554
4258.84
977.25
4265.03
620.287
4352.45
734.904
826.596
1546.66
709.398
4165.32
4352.82
4137.9
852.839
750.768
748.493
597.273
724.376
1703.94
687.838
591.682
852.618
961.218
4308.45
2174.75
503.718
4340.76
2888.24
4285.02
4259.29
3992.49
3028.66
2542.18
4332.8
4243.31
4091.42
2059.95
741.174
227.142
580.59
4229.96
4189.39
4338.99
4967.26
4281.77
418.367
747.221
3065.11
3773.61
1210.23
3760.51
4384.74
4240.04
1649.14
2121.11
1982.98
1231.4
2879.55
4264.6
2504.18
2090.96
726.92
4360.25
3032.7
496.686
3071.44
4549.16
4242.75
499.972
825.55
513.589
966.951
2650.03
4297.48
1903.2
783.047
4320.12
747.98
4340.28
798.692
691.633
4059.57
2106.31
740.338
3783.21
388.364
594.551
4344.33
2567.4
2845.28
4326.78
2773.86
477.425
774.808
4309.86
984.982
4320.02
1181.31
1748.96
1877.69
4309.4
4324.04
4333.44
664.828
665.202
3183.34
709.808
839.773
802.965
848.26
732.274
773.1
4336.05
4336.05
732.857
848.574
4337.7
1213.36
4385.87
1962.07
3645.43
871.213
4325.53
1313.12
4392.24
4202.37
988.493
4268.57
975.562
4263.01
2501.18
2501.18
982.288
1715.29
4209.17
3382.02
773.009
884.364
2413.88
426.186
4332.77
3845.44
744.597
819.011
3954.58
3269.05
1619.79
4310.12
793.51
4261.48
393.387
395.745
302.452
1986.7
4339.15
737.967
2427.89
3914.33
3146.96
4081.29
576.608
3668.8
2994.58
3144.6
844.969
1718.57
1351.33
729.033
3307.93
682.646
2181.84
727.602
2287.46
756.578
3929.13
290.286
4179.41
4324.64
699.878
701.242
4304.76
1153.3
3973.67
636.107
773.933
4356.59
683.148
914.854
1422.69
761.241
854.031
4368.96
1559.97
1966.98
955.263
2687.92
624.865
4387.11
1010.58
750.546
2309.07
277.738
4092.13
688.98
4331.56
702.693
777.323
4368.74
1806.34
4366.61
4211.5
791.234
972.051
4351.33
4245.13
1985.49
780.409
175.153
3884.21
817.445
757.441
4336.38
3590.71
4367.04
743.145
739.228
850.868
3719.74
3760.09
4207.85
3323.27
549.298
4026.72
723.171
302.126
408.08
4357.44
3478.04
4310.5
4321.65
2909.57
4281.66
1003.44
775.897
3625.4
1225.01
4072.65
797.987
545.751
1755.34
686.634
4293.65
786.128
919.633
4297.43
742.413
3079.42
842.468
745.556
4365.25
958.097
739.185
4345.76
2033.38
828.055
358.806
4341.08
4241.09
1251.09
4280.25
2471.17
535.765
3980.77
779.756
771.951
350.5
4274.62
560.949
3824.1
4268.75
2886.48
4012.06
807.603
2260.04
201.864
4330.6
653.891
647.52
2013.76
3055.43
415.152
2961.88
757.105
3229.83
2714.47
2714.47
4188.95
4283.9
4351.53
678.103
4232.43
2951.51
806.656
340.195
3970.12
3264.77
996.151
662.994
4293.29
4372.5
683.138
4207.93
836.415
4303.4
453.694
655.389
733.045
733.045
926.752
2538.01
2914.27
939.728
4103.84
984.164
4267.24
3866.67
713.268
750.882
784.213
4363.79
876.699
3093.82
3818.76
4324.91
4272.85
3512.82
703.812
907.301
992.27
4254.32
396.963
2275.8
478.87
2515.17
1297.11
4314.49
669.084
4330.54
3796.78
2094.57
978.082
785.888
3745.7
4239.96
799.531
706.192
803.116
762.38
4265.72
4260.15
3019.73
212.252
4211.71
210.304
2098.21
4323.17
786.283
1297.5
887.538
3853.05
797.194
785.356
2743.09
4294.3
4408.17
4296.33
2673.18
4318.78
404.764
3748
951.937
2169.37
3287.89
423.735
3073.98
758.079
1610.03
845.403
4100.2
3648.89
4360.32
1530.32
3162.66
677.893
4207.32
3249.05
455.074
4317.45
747.127
3056.89
3155.48
632.582
1622.05
596.255
723.7
734.407
4301.55
761.315
973.883
3537.78
4077.51
741.534
992.261
1443.03
4320.97
816.079
4039.54
734.747
782.911
1738.82
2631.81
3271.04
4065.3
3446.08
721.534
2991.52
3532.3
767.235
729.007
976.847
647.539
4138.36
2766.02
612.711
760.145
920.205
786.387
837.762
751.216
4300.49
681.188
576.143
4101.66
4232.41
4066.34
3901.15
834.328
1820.61
4085.67
798.585
4392.3
2949.4
4286.51
3438.38
4320.3
3205.24
4338.57
3241.86
1979.81
4383.58
2189.3
768.18
736.974
481.107
272.966
1005.48
779.769
3666.82
1839.04
4103.45
1111.55
4342.91
616.146
4197.69
721.363
2007.05
760.13
776.745
274.846
720.763
1992.64
4295.54
2682.8
711.029
682.979
2544.59
688.853
4334.8
3152.23
241.52
4126.54
4333.66
945.341
3749.71
827.927
2790.5
3742.01
2376.22
2406
707.507
470.455
464.204
800.773
782.835
196.219
799.209
782.34
1432.15
3000.91
1978.08
4339.86
4378.95
863.094
829.972
4339.37
1924.07
4362.88
3048.98
2184.57
4057.08
406.86
4324.69
4227.35
573.433
951.161
4220.81
4335.67
3922.43
4045.24
847.462
779.112
2517.39
4342.25
4248.67
4327.09
1005.38
4349.2
608.827
668.971
4319.75
4029.93
1346.91
1315.9
743.828
4341.67
518.378
764.409
3239.99
361.321
4317.34
762.896
880.039
4296.06
4103.35
681.553
600.077
4282.31
3865.69
3482.87
4279.3
4310.76
821.741
792.931
3368.31
535.782
834.491
1792
4321.36
474.714
4316.7
4101.17
1057.76
835.402
635.277
794.198
582.728
421.496
731.008
1763.71
4305.52
4305.52
502.182
997.384
284.632
615.206
3989.44
3989.44
987.157
4372.75
3319.21
4078.09
723.183
806.94
4286.66
4349.78
789.254
813.005
3212.67
3277.03
751.951
2459.09
654.921
4343.18
4060.21
4357.11
655.365
735.341
730.628
2393.31
798.683
653.912
3680.28
4321.24
2859.16
591.08
4348.38
842.369
1225.53
1830.21
2336.3
1856.33
4100.24
433.393
4091.68
877.341
4382.85
176.214
200.298
1016.91
4310.15
533.137
693.536
1164.83
4302.41
551.725
783.569
764.432
2314.68
961.458
4242.87
616.39
4230.87
588.366
640.503
1824.38
4309.92
1107.72
3946.54
575.21
4210.12
3342.56
454.237
4378.62
638.423
2397.29
4316.63
3789.23
686.729
3449.1
860.909
532.17
695.157
3440.87
3440.87
644.358
571.032
4395.01
1184.66
2536.36
808.508
2186.95
3297.25
807.414
3915.83
4307.65
3073.99
863.398
4317.82
1758.02
4035.99
841.052
4317.69
792.894
3533.86
4371.23
663.912
809.13
1226.08
1711.25
4237.07
789.024
4263.87
1039.55
3810.3
4224.77
650.834
520.217
335.536
879.156
4380.79
938.6
3620.69
1035.94
2152.11
4335.88
790.076
2932.71
3640.45
3071.66
585.978
957.865
4268.88
1945.37
525.236
4315.46
1878.09
884.189
795.648
3755.89
767.609
4252.29
4338.05
718.029
1258.61
4210.45
4345.13
2017.49
614.978
462.219
660.057
2334.29
2334.29
4334.36
3101.22
801.209
628.018
237.164
862.449
4317.36
805.971
4154.14
4072.74
1984.42
4230.21
1362.13
3158.24
3158.24
1547.32
2864.27
4330.44
988.285
435.011
747.761
3846.24
3101.68
3101.68
781.211
744.661
2102.22
4032.72
4059.58
618.215
1654.4
3032.04
857.858
631.836
3212.36
996.069
979.236
4057.95
1017.24
735.287
707.446
4178.01
796.389
759.183
2064.45
727.06
453.193
787.673
769.256
2847.17
3951.01
4296.08
4352.12
469.542
4263.1
4240.84
4101.39
648.56
929.633
744.582
728.175
726.62
1101.73
4275.61
1190.63
839.171
3145.88
1089.13
970.276
317.07
609.843
3696.31
1713.23
1498.29
986.168
458.45
760.019
2967.87
3315.85
635.62
2846.75
4365.87
4313.87
539.723
4140.84
584.361
2731.78
4199.35
2225.3
4102.55
1184.89
1779.53
865.256
525.802
4346.8
1270.22
4342.05
1943.45
658.462
2318.12
786.522
2459.87
828.574
375.132
1606.03
4270
239.268
775.372
3490.13
822.438
3441.06
761.331
312.294
3793.26
3830.94
883.076
735.787
3277.33
1755.16
805.002
4085.13
740.084
2082.94
2175.74
465.534
3981.41
4213.54
4110.32
3321.05
866.418
613.793
630.02
758.003
741.56
621.833
1398.2
4318.95
2673.14
331.04
1839.49
3464.96
699.404
4311.78
822.703
935.292
2492.28
2460.2
2460.2
236.966
3567.25
1446.87
3356.93
514.004
471.818
691.584
801.831
769.394
732.139
4319.06
2765.26
2522.32
2706.31
3362.36
3362.36
840.72
3196.49
480.596
4209.83
4332.24
210.176
1832.45
1832.45
4346.82
2002.34
649.961
4300.74
4274.05
4804.9
4236.82
3627.86
3627.86
3744.19
677.701
807.244
649.476
4332.8
4119.38
4330.46
777.083
801.689
1344.01
1344.01
757.477
2888.21
3943.37
428.51
785.862
4253.18
732.432
658.062
840.488
811.436
700.344
4325.83
769.526
1701.08
1482.44
757.009
4321.46
3937.5
1698.11
755.684
841.193
4308.21
4266.94
4361.89
3327.24
509.903
1652.68
742.112
666.353
672.142
4011.07
471.166
776.951
4310.79
563.171
4291.16
2052.04
3733.89
3850.63
4309.6
4036.16
730.81
2714.81
918.817
789.448
4357.66
593.613
813.744
694.085
2863.95
2667.66
536.01
734.098
2479.02
650.481
4324.8
3104.79
4323.36
4168.11
3617.11
2592.68
4332.64
4302.33
4243.84
2990.91
659.509
2298.67
1650.16
638.298
998.222
2574.17
4653.6
606.14
751.13
3535.2
990.864
2268.08
1873.82
3462.74
4337.81
986.68
4325.15
4387.21
4343.01
793.531
749.053
4303.84
4341.06
766.823
2917
846.662
714.304
690.515
2718.01
3962.55
4296.56
4246.08
795.174
4311.57
3653.84
4331.88
997.392
745.914
757.7
4311.88
1177.67
2488.9
3908.71
2371.41
777.036
4216.22
610.647
756.67
868.832
981.459
3976.86
347.879
3602.56
584.067
439.844
783.989
680.345
4371.18
2418.84
2930.36
806.759
806.391
4131.45
2025.1
4284.5
544.625
1307.24
4118.38
788.586
3175.93
781.775
786.166
3152.66
4329.33
4322.28
4331.11
876.269
3496.37
3496.37
1025.8
813.665
861.83
4326.64
4320.9
3700.38
4352.38
819.133
743.416
564.598
449.259
1003.73
732.492
3325.77
777.558
4111.56
3170.82
4339.3
3656.2
3360.23
4349.02
2575.02
335.096
610.136
3262.96
755.542
663.747
755.009
4239.38
738.109
1451.76
4088.29
4196.99
729.759
3911.92
787.364
980.708
4482.72
4365.02
1545.35
3772.5
1664.81
2722.56
4365.95
536.271
548.584
4077.97
1634.8
3729.3
3809.58
384.486
4327.15
822.364
2118.57
4216.98
803.487
2042.87
4346.76
4012.78
1572.52
4297.03
711.065
4287.29
481.347
800.562
678.818
802.433
746.63
3533.33
1105.92
646.391
4006.94
767.247
1753.73
802.106
465.71
1849.38
3663.75
448.588
793.145
718.125
1450.17
2825.89
781.083
4301.51
537.554
3742.73
4303.54
4358.96
669.663
699.761
782.03
1238.63
4180.73
4209.44
1024.57
376.252
3812.4
2794.8
792.073
4333.78
1125.6
2571
3371.05
3054.93
1251.56
2643.61
637.321
489.255
1124.19
310.026
3862.97
825.212
1344.51
3812.23
4293.99
3415.43
561.442
3831.57
4342.95
809.233
4028.65
2969.93
4270.74
826.389
2106.51
1471.56
509.354
2797.25
1179.86
812.711
2160.05
774.647
593.767
709.529
2275.29
2358.19
3383.69
3167.22
3674.73
4300.01
4390.01
1588.6
1700.72
1773.32
4341.42
1726.53
930.81
3638.86
858.67
4325.88
613.034
769.983
4265.53
3124.5
802.663
4080.31
979.048
824.399
725.644
4364.72
714.09
719.481
753.53
935.833
4227.12
694.242
2732.59
969.578
850.414
1526.39
680.402
4405.51
796.545
794.63
3001.61
4349.19
3286.19
3286.19
1896.8
2598.97
460.501
1004.17
4175.26
4368.95
2811.9
4268.9
742.267
1640
4337.9
4113.88
4350.34
4320.14
4354.83
2429.52
790
3092.66
2941.29
2941.29
1168.63
1425.69
883.543
699.288
4280.83
3237.67
740.008
2105.15
1027.59
4438.58
4202.46
2552.62
818.693
1244.07
1000.7
733.886
4256.8
977.48
4243.52
2742.52
3205.87
4051.33
764.321
713.873
1752.33
1352.75
4062.35
3393.29
969.488
4310.75
466.252
705.695
2120.62
4348.05
4337.16
4107.63
4208.3
1026.56
3507.53
1409.71
1025.94
168.912
4312.95
535.269
3916.89
748.058
685.341
3106.28
4362.82
797.224
4253.48
4349.15
618.797
2194.26
4340.73
4388.24
4249.24
2630.52
252.027
750.702
3941.36
4088.01
635.439
2838.34
2838.34
2680.6
3733.99
4254.62
684.581
514.851
1558.82
4005.07
585.606
725.144
551.726
4349
3432.02
1011.59
4362.66
823.139
3693.98
757.824
379.49
3855.72
928.001
814.575
755.692
2422.13
732.06
519.971
235.093
1428.09
1428.09
4379.93
4365.73
742.005
3134.07
4240.37
4262.36
820.009
4310.74
841.098
2934.08
3143.9
430.405
3863.06
978.766
4338.95
721.792
798.106
857.004
4326.42
4138.18
775.938
785.921
994.559
4344.09
3417.23
4196.41
863.688
1800.72
750.199
4207.83
774.446
2795.24
3440.94
821.632
800.969
944.367
3407.88
660.484
2951.86
1228.55
1228.55
1272.17
830.063
4244.57
3702.03
4314.98
790.092
4268.88
691.676
507.573
3866.27
709.727
3893.12
2512.91
742.21
2047.67
2778.69
827.289
713.401
643.672
2826.8
190.293
840.664
2841.39
4118.26
713.929
652.933
2901.44
4351.62
1616.59
2010.34
779.567
797.478
1643.44
735.233
4352.33
1969.48
1124.69
1124.69
984.604
813.722
4331.82
953.458
737.946
2004.2
2004.2
4185.5
2534.25
948.482
879.211
3506.79
4315.36
2179.93
4301.96
509.877
958.17
630.923
3104.8
3009.18
4375.47
2596.38
747.4
4326.74
4360.45
697.025
3730.7
4149.29
817.812
4356
4240.65
3365.6
3691.52
4363.9
1005.77
4308.63
4373.39
761.214
1025.02
4310.6
510.365
793.346
936.528
4181
2460.01
2630.44
4328.46
4091.14
359.975
809.286
611.692
770.89
4316.45
1002.78
2622.88
760.063
1784.8
1784.8
4244.62
268.775
759.029
1030.29
767.652
4274.91
2946.82
4368.06
3113.82
4340.06
812.752
495.589
3961.32
1092.36
4313.32
1606.15
695.763
4354.61
756.419
696.436
798.858
4367.98
4248.81
805.206
520.302
760.938
752.708
4327.51
1826.43
2709.53
876.029
2943.11
747.202
603.541
4127.56
3292.23
663.868
3513.46
753.514
1537.86
382.985
2201.4
1559.4
951.399
169.315
752.829
4389.85
493.511
745.795
719.571
1633.65
1975.66
4290.94
535.09
2464.76
4305.62
2918.6
762.434
4348.29
4263.48
3480.83
4117.6
1865.24
559.97
4317.63
4352.37
359.447
4295.89
744.016
3407.43
363.404
578.165
334.24
4184.29
4092.94
1657.92
563.672
781.036
4335.84
811.951
4240.45
1018.26
4301.9
4224.55
4361.09
4321.04
4049.63
3508.08
702.368
4318.69
4266.91
2388.44
4206.57
3789.47
2725.42
4345.17
4314.5
810.633
1642.03
3277.92
4189.86
844.126
4375.64
4328.74
756.16
1862.13
813.777
701.061
2725.47
3411.02
4229.91
651.503
806.565
741.487
3071.2
744.386
922.132
908.58
4363.73
735.522
753.369
4335.45
738.025
719.287
3541.01
569.303
679.26
3990.17
510.734
2002.81
4013.97
751.895
419.303
1500.34
3255.56
840.527
954.284
4354.43
4144.95
3967.69
3480.99
815.994
4088.98
1770.94
751.101
827.687
2479.66
750.748
3251.39
681.695
4026.96
4354.91
232.158
3953.03
804.953
225.603
725.615
2219.32
2553.3
756.993
1656.7
879.391
4301.83
4301.93
1925.84
617.094
2658.85
1515.22
481.804
2308.5
260.117
4330.91
2814.59
613.805
4361.89
1916.19
4264.48
771.875
792.012
986.275
3323.07
756.692
4347.87
4256.07
1074.45
3266.69
767.364
4362.71
2032.07
2032.07
1138.95
4171.06
781.602
807.189
747.096
4250.4
996.902
4347.71
1512.03
4394.04
1455.22
1008.05
3407.02
908.089
3242.33
4259.02
4273.54
524.716
778.992
1392.02
804.013
4198.92
506.783
732.702
774.155
753.13
881.914
784.427
590.766
3463
1039.18
833.494
4362.67
1505.92
4371.54
2182.2
4359.98
3914.13
744.516
793.01
4323.14
3437.53
2762.58
2906.42
802.177
4325.57
743.767
4232.3
638.107
3626.21
3853.18
593.628
991.27
787.069
906.988
3058.14
3899.49
877.424
732.584
2986.88
1882.14
2128.05
1070.59
4257.34
641.151
2583.3
2583.3
705.505
3991.96
396.809
749.803
764.476
836.305
1356.53
2551.85
4204.47
204.778
4327.92
4359.05
4329.98
762.934
4361.3
751.524
788.877
4223.07
2529.89
479.301
1726.77
773.368
4334.21
4350.41
4296.89
4351.97
416.744
4060.62
2298.12
2653.26
2804.21
3447.78
4346.55
4381.08
1404.71
2950.24
974.651
766.233
560.98
3892.63
739.341
4390.03
3859.26
1830.8
4153.92
3505.24
3457.07
1924.86
500.414
4301.25
851.614
4154.71
663.327
2933.1
3207.44
543.75
4296.83
778.912
4348.96
2240.57
950.921
4337.99
2664.46
812.844
583.9
3657.15
640.914
796.456
982.591
4327.65
4312.68
4319.78
718.499
772.023
4228.17
1858.66
4333.1
398.091
1709.31
626.69
4305.36
3836.38
3836.38
707.124
4345.19
729.531
751.523
4340.61
1010.38
720.078
2887.24
4323.64
2237.93
649.28
1391.81
2070.23
2568.39
4358.92
829.747
2574.83
4312.8
2556.29
3948.79
650.242
825.578
1498.83
602.337
4114.89
2363.28
4088.64
4348.45
822.849
3026.76
4343.93
2391.23
2391.23
1363.37
4371.24
778.44
4275.39
2119.27
2850.95
845.206
722.326
2261.81
832.317
740.611
414.196
2902.26
698.264
4322.8
3613.69
736.29
4209.88
744.562
4046.35
3281.85
3896.17
321.276
3527.38
4071.06
2505.54
907.481
2448.26
4371.27
238.729
895.206
805.387
546.224
546.224
1281.77
3070.12
493.573
3995.81
434.457
4126.55
840.672
4352.26
794.671
717.247
1004.31
711.16
3688.43
2223.51
2707.06
746.268
796.139
4170.48
4243.99
4356.15
1605.95
1605.95
843.648
814.636
654.733
4320.07
2450.71
1559.38
480.124
417.587
445.055
4356.99
2617.23
4329.34
4322.68
574.382
597.364
754.153
1839.89
467.383
1875.8
735.757
770.471
624.842
4251.48
1451.05
1662.91
1662.91
2109.13
504.903
804.122
616.931
3321.97
3321.97
756.993
408.722
1286.34
328.564
3952.17
3946.42
2469.36
4204.52
3633.77
2268.37
740.532
715.885
438.41
791.937
3020.2
3998.51
699.832
1203.39
859.784
843.565
4148.35
4307.76
3435.38
2235.25
401.433
452.649
742.055
971.5
4230.62
712.413
640.146
3139.66
2164.32
716.014
1778.57
3723.48
1611.95
1855.2
304.144
2319.41
4352.95
2383.08
4392.41
821.382
880.396
914.905
4149.65
2717.85
716.326
571.09
4330.97
835.243
1724.31
523.57
458.548
746.257
4350.92
4080.43
325.058
4338.45
660.386
176.643
870.939
749.319
4217.34
4322.22
3256.33
749.815
772.233
2667.26
4349.06
1049.04
815.765
763.798
4105.51
781.116
2822.86
233.084
235.922
2722.02
1338.06
4255.82
4307.44
4363.7
700.037
3176.49
3537.53
618.025
674.99
4328.17
1838.15
789.906
951.257
4244.94
1360.33
693.084
2680.34
1002.83
1997.83
4331.88
742.681
4344
3924.42
3748.37
4083.46
965.601
965.601
438.409
2866.1
4164.9
996.354
2690.35
1367.59
1367.59
917.202
3456.49
752.329
4378.18
4165.37
4233.18
2915.06
191.536
2269.19
3650.69
809.931
3639.03
3639.03
4280.83
4280.83
4309.21
4339.41
600.434
3837.27
2174.31
4350.54
3808.23
821.277
746.818
3583
863.206
4315.55
795.56
646.802
761.174
481.068
4405.45
4028.81
2317.08
1922.48
3089.65
2756
748.887
4319.08
4371.58
719.525
303.477
674.86
1702.36
2871.53
4184.09
847.036
3628.26
793.447
4048.19
733.153
4389.52
4345.04
1011.14
606.353
1088.37
734.646
676.314
871.005
727.722
399.877
3812.93
3812.93
4339.26
2204.05
2204.05
4308.8
4206.69
1705.17
2146.62
3352.46
812.399
229.513
2551.32
4375.92
373.645
782.883
3967.9
2384.1
1001.37
4312.54
759.191
893.601
4325.22
3668.68
1689.71
1689.71
584.297
4465.51
4288.1
1097.33
787.775
916.466
1002.44
2119.54
489.437
806.798
3052.62
645.029
432.375
737.693
4389.9
1890.84
3101.89
1634.66
593.002
342.412
4971.69
2108.35
4244.12
828.581
4017.46
2958.99
987.187
4350.81
521.511
2166.34
646.807
990.805
628.552
2331.72
4175.04
2747.18
4343.26
4247.41
1937.28
4055.1
502.997
383.802
2329.25
1296.72
1296.72
766.717
4118.1
822.167
655.645
4316.88
2783.58
830.024
3759.68
3641.01
416.109
715.453
3458.23
2944.07
837.635
2908.4
1818.83
1912.52
403.242
4341.78
1019.32
782.205
716.139
4229.99
1275.86
1275.86
828.621
3950.13
1356.37
460.451
1277.92
955.508
4059.18
748.404
4223.08
2124.26
4277.62
678.591
4221.08
833.726
1283.1
1116.4
2071.31
331.91
3985.18
799.109
3395.05
2609.91
1015.24
536.743
4290.66
4223.65
4043.11
4350.72
3573.02
4323.81
2374.31
4286.63
804.832
580.601
4355.97
4363.57
4381.48
926.258
4171.07
755.113
4267.08
3791.76
734.7
4127.6
981.808
940.926
4092.59
287.483
766.196
4167.77
3347.07
4087.68
4324.49
3906.88
3949.78
4214.58
625.289
1982.09
4368.4
2901.08
491.581
413.833
2261.49
4078.62
4078.62
4354.16
2463.33
3419.79
3501.9
3950.65
4750.64
1981.85
4335.93
4186.47
4056.47
660.591
2679.86
3535.18
3247.31
1196.27
820.224
4220.63
4213.6
4323.12
4068.47
901.289
4311.45
785.906
631.189
3168.82
2870.68
4375.25
3299.13
246.872
939.132
2375.18
4357.34
4310.11
1303.44
728.418
1490.19
4361.2
807.918
4343.65
3533.81
3500.22
4311.43
652.402
1669
710.21
4200.34
2330.8
2079.31
615.862
295.941
1899.13
3520.7
810.849
2853.24
786.956
4267.64
4010.4
354.043
670.016
2327.59
818.084
4258.85
4729.33
769.077
2759.69
1397.98
594.744
4322.29
4343.65
2225.54
496.054
3644.87
3656.83
820.925
1014.45
180.159
831.801
901.09
590.857
4332.74
4196.59
4261.62
2713.59
840.642
841.135
3652.05
4360.4
4360.4
3459.21
653.803
758.277
769.192
850.643
4251.62
2156.44
816.316
3990.72
4181.8
4313.03
3831.78
4268.56
739.093
522.199
782.757
4357.4
4316.29
355.063
4321
1132.86
3955.84
4294.15
4257.41
3957.66
4332.34
1563.35
667.086
4192.12
4056.09
1349.77
928.445
4132.64
4354.66
801.956
701.82
787.943
967.225
720.859
2306.3
4162.41
821.411
746.972
3835.33
1001.4
519.511
751.959
539.131
740.783
809.117
2706.1
4236.52
4322.58
709.754
4060.71
4363.05
1963.78
2587.96
2587.96
2650.57
4222.06
4031.87
4327.62
250.234
4330.55
616.388
1005.56
4156.28
976.772
818.358
928.575
2906.62
818.335
1937.92
3052.96
774.366
3348.07
4352.64
729.99
4034.91
1814.5
4372.01
820.405
4118.62
4153.12
688.887
3076.84
3076.84
3375.45
638.184
4346.76
576.539
250.693
3235.81
2418.61
4172.73
897.497
1873.3
552.105
4375.5
718.716
2128.12
805.456
1716.46
3929.3
1739.63
729.411
1293.64
4085.18
4339.5
3542.01
4314.55
2616.34
2808.74
459.15
4350.31
703.236
444.141
2177.06
4342.23
665.783
2621.71
4351.85
3197.17
3283.53
4268.96
183.637
552.618
804.157
3702.43
3438.3
4366.71
4324.02
3216.29
4217.25
2422.03
1779.54
775.884
704.578
638.578
3559.54
1439.18
4331.26
1215.15
1502.05
3391.79
4328.26
4347.16
4319.17
301.436
735.247
736.196
4373.28
2521.22
326.546
3356.68
4342.14
753.251
2220.04
2220.04
1892.03
1793.81
4332.3
1813.25
764.548
568.591
3718.5
3029.55
2444.64
4162.46
4295.99
4295.99
2766.37
1866.53
539.299
4321.11
4369.26
4390.75
485.169
714.542
4339.99
4338.62
2980.64
1893.05
669.442
3260.79
3695.16
572.216
311.462
3961.59
1000.52
3244.66
4062.82
4337
645.216
746.552
763.205
3018.31
4320.63
4213.74
680.331
4030.27
4359.57
779.193
2584.21
2584.21
814.02
1576.11
2603.32
2603.32
4683.89
556.174
4376.96
845.701
1308.92
3400.85
2574.5
731.701
749.31
1480.61
569.756
4244.96
3411.54
2387.39
1080.97
1600.86
3896.22
2488.82
1135.49
4597.49
3516.38
966.717
3079.99
862.61
3796.11
278.899
814.784
3619.64
2271.04
763.598
793.095
444.529
4328.99
769.693
3387.04
762.623
4362.43
3307.06
4316.82
4273.24
829.618
789.899
3603.57
4148.08
632.419
4254.31
918.167
1017.94
718.043
4291.8
746.392
4102.6
991.628
961.961
4254.96
2826.51
726.056
3885.36
4317.14
654.868
3636.73
4337.88
959.463
987.275
4367.31
687.266
4064.42
754.55
659.468
4400.03
372.463
4027.27
4329.93
3768.71
4325.34
822.804
742.826
812.496
690.451
849.674
4353.77
1922.19
4344.58
4256.69
827.889
885.262
4365.16
4322.77
2807.68
3775.43
3440.99
4139.4
3817.62
716.679
3383.88
884.205
4207.8
1008.92
302.484
596.535
2193.71
4097.05
819.229
3405.83
317.606
3150.95
521.537
4338.95
955.143
2228.42
3557.9
776.15
3751.55
790.736
4308.51
4345.08
669.337
240.776
4329.21
3306.36
4329.58
721.094
1570.37
1732.18
4323.89
1017.12
3758.22
4078.25
754.328
1328.18
1011.06
4274.04
3675.9
996.268
215.504
827.01
524.712
935.011
